1. mHM/Maipo Basin 5710001/morph/dem.asc
ncols        384
nrows        768
xllcorner    -70.500000000000
yllcorner    -34.500000000000
cellsize     0.001953125000
NODATA_value -9999
[rows 612 to 647 of 768, columns 246 to 327 of 384]
3261 3484 3453 3453 3343 3262 3145 3045 2948 2859 2871 2825 2882 2976 3084 3222 3347 3462 3593 3593 3724 3729 3623 3516 3434 3376 3379 3385 3297 3157 3046 2954 2873 2800 2723 2723 2674 2643 2769 2922 3046 3154 3281 3406 3532 3605 3540 3539 3500 3421 3321 3321 3272 3220 3102 3087 3097 3082 3035 2977 2887 2840 2848 2913 2985 3033 3054 3054 3129 3246 3346 3428 3484 3542 3628 3689 3741 3805 3857 3825 3804 3788
3241 3445 3544 3544 3447 3327 3217 3115 3002 2921 2880 2839 2861 2947 3044 3156 3283 3407 3539 3539 3680 3788 3725 3632 3548 3479 3412 3355 3271 3158 3083 3016 2910 2826 2753 2753 2683 2666 2772 2900 3035 3132 3236 3360 3491 3620 3681 3692 3613 3496 3420 3420 3378 3280 3172 3163 3149 3131 3107 3084 3006 2898 2843 2862 2901 2945 3027 3027 3127 3248 3357 3407 3422 3466 3552 3638 3734 3838 3930 3915 3871 3810
3212 3390 3546 3546 3517 3379 3276 3192 3079 2960 2898 2862 2837 2910 3003 3114 3226 3345 3476 3476 3611 3752 3813 3726 3603 3461 3348 3256 3172 3081 3006 2953 2870 2791 2726 2726 2689 2720 2800 2887 2993 3104 3223 3343 3469 3606 3730 3775 3668 3572 3537 3537 3481 3344 3278 3252 3210 3182 3157 3151 3131 3007 2908 2859 2865 2888 2965 2965 3076 3173 3230 3245 3285 3366 3435 3510 3628 3756 3865 3929 3857 3776
3212 3390 3546 3546 3517 3379 3276 3192 3079 2960 2898 2862 2837 2910 3003 3114 3226 3345 3476 3476 3611 3752 3813 3726 3603 3461 3348 3256 3172 3081 3006 2953 2870 2791 2726 2726 2689 2720 2800 2887 2993 3104 3223 3343 3469 3606 3730 3775 3668 3572 3537 3537 3481 3344 3278 3252 3210 3182 3157 3151 3131 3007 2908 2859 2865 2888 2965 2965 3076 3173 3230 3245 3285 3366 3435 3510 3628 3756 3865 3929 3857 3776
3246 3333 3485 3485 3565 3451 3334 3220 3135 3000 2927 2885 2831 2877 2968 3067 3180 3299 3419 3419 3555 3691 3800 3727 3576 3439 3332 3230 3144 3070 3003 2939 2863 2806 2771 2771 2731 2715 2804 2892 3016 3136 3277 3429 3573 3725 3807 3829 3731 3656 3627 3627 3508 3420 3404 3339 3282 3247 3224 3198 3202 3140 3027 2932 2888 2869 2892 2892 2970 3037 3090 3125 3200 3272 3342 3435 3575 3709 3801 3856 3814 3745
3274 3355 3458 3458 3571 3475 3356 3246 3138 3017 2969 2915 2843 2856 2927 3021 3118 3239 3359 3359 3493 3626 3757 3707 3556 3435 3339 3254 3184 3120 3046 2973 2953 2934 2874 2874 2758 2717 2807 2925 3053 3167 3292 3432 3590 3746 3845 3867 3767 3708 3620 3620 3561 3551 3482 3418 3388 3365 3298 3252 3244 3205 3141 3049 2974 2929 2905 2905 2902 2954 3004 3054 3126 3192 3281 3383 3525 3639 3743 3833 3816 3765
3363 3444 3531 3531 3549 3460 3376 3291 3196 3089 3015 2995 2888 2849 2903 2982 3078 3181 3300 3300 3438 3576 3720 3714 3576 3460 3375 3330 3293 3232 3123 3041 2972 2902 2843 2843 2758 2717 2823 2966 3104 3229 3347 3485 3611 3699 3813 3906 3834 3774 3728 3728 3699 3631 3562 3542 3515 3441 3368 3321 3289 3229 3204 3166 3139 3054 2991 2991 2933 2918 2969 3015 3062 3132 3246 3398 3556 3671 3749 3807 3789 3731
3443 3558 3617 3617 3554 3531 3493 3391 3274 3159 3073 3049 2952 2879 2887 2958 3046 3148 3267 3267 3402 3541 3689 3753 3637 3524 3478 3444 3353 3233 3105 2995 2921 2879 2842 2842 2781 2734 2814 2954 3085 3228 3362 3463 3538 3635 3772 3905 3944 3918 3881 3881 3795 3699 3668 3680 3615 3527 3467 3426 3361 3298 3256 3229 3225 3185 3124 3124 3033 2947 2942 2978 3007 3094 3221 3399 3544 3626 3642 3657 3663 3687
3466 3591 3635 3635 3628 3621 3507 3384 3293 3183 3124 3088 2996 2909 2869 2918 3003 3115 3243 3243 3372 3503 3639 3762 3713 3621 3551 3417 3297 3166 3075 3042 3024 3016 2932 2932 2817 2749 2805 2951 3079 3177 3268 3381 3495 3601 3740 3882 4003 4029 3928 3928 3828 3787 3784 3732 3639 3562 3509 3467 3403 3350 3306 3286 3267 3248 3226 3226 3122 3016 2951 2947 2967 3048 3167 3328 3461 3502 3491 3509 3525 3594
3512 3614 3684 3684 3742 3660 3527 3423 3342 3273 3165 3161 3042 2943 2883 2895 2976 3081 3191 3191 3310 3443 3581 3718 3771 3658 3522 3382 3273 3207 3186 3187 3134 3091 2983 2983 2863 2768 2797 2919 3015 3121 3235 3355 3480 3603 3725 3857 3985 4027 3963 3963 3876 3842 3751 3662 3601 3554 3517 3466 3415 3378 3350 3329 3309 3309 3275 3275 3192 3118 3016 2950 2950 2986 3069 3214 3336 3377 3402 3417 3439 3500
3547 3605 3687 3687 3788 3702 3575 3485 3414 3330 3218 3194 3064 2972 2910 2895 2969 3051 3156 3156 3259 3381 3513 3650 3757 3673 3543 3422 3350 3322 3314 3307 3241 3162 3044 3044 2917 2811 2786 2878 2990 3118 3240 3365 3490 3612 3740 3873 3974 3928 3876 3876 3818 3747 3690 3642 3598 3569 3545 3502 3463 3423 3396 3376 3375 3378 3319 3319 3235 3170 3077 2994 2960 2966 3019 3109 3225 3311 3368 3395 3422 3459
3528 3603 3711 3711 3768 3665 3575 3486 3395 3312 3266 3213 3122 3021 2928 2902 2957 3026 3111 3111 3201 3326 3458 3592 3721 3670 3529 3401 3326 3295 3312 3321 3275 3188 3073 3073 2966 2855 2786 2858 2972 3095 3225 3353 3487 3623 3757 3887 3976 3899 3862 3862 3791 3721 3667 3639 3620 3602 3573 3520 3493 3467 3452 3442 3441 3430 3354 3354 3263 3192 3107 3021 2975 2966 3007 3122 3262 3393 3473 3498 3522 3530
3560 3662 3779 3779 3784 3681 3605 3545 3497 3420 3304 3301 3183 3080 2960 2911 2947 3000 3075 3075 3166 3277 3405 3561 3694 3656 3517 3377 3261 3185 3164 3174 3150 3127 3067 3067 2984 2871 2807 2881 2986 3113 3251 3377 3507 3622 3731 3836 3950 3945 3891 3891 3841 3763 3706 3681 3657 3637 3614 3584 3552 3527 3506 3516 3555 3490 3399 3399 3321 3217 3117 3037 2991 2977 3016 3142 3281 3424 3540 3581 3646 3675
3608 3724 3811 3811 3760 3729 3686 3642 3554 3451 3320 3372 3231 3098 2986 2914 2939 2992 3074 3074 3178 3295 3422 3552 3679 3594 3465 3351 3231 3115 3049 3047 3005 2980 2990 2990 2953 2864 2819 2898 2992 3096 3210 3324 3441 3565 3683 3786 3890 3979 3939 3939 3862 3803 3762 3729 3706 3681 3651 3633 3624 3623 3639 3655 3630 3539 3446 3446 3337 3230 3127 3042 3013 2995 3011 3105 3230 3359 3435 3491 3562 3604
3707 3797 3721 3721 3619 3593 3566 3540 3505 3459 3296 3354 3224 3108 2981 2922 2945 3011 3112 3112 3226 3355 3485 3614 3689 3570 3423 3298 3196 3102 3020 2963 2938 2935 2908 2908 2866 2828 2822 2895 3001 3125 3255 3376 3487 3560 3608 3685 3789 3924 3965 3965 3895 3846 3812 3786 3751 3734 3745 3757 3770 3769 3747 3728 3646 3572 3487 3487 3375 3255 3133 3069 3035 3017 3007 3054 3158 3219 3283 3336 3406 3454
3787 3774 3643 3643 3543 3502 3454 3426 3414 3416 3241 3283 3144 3046 2955 2936 2976 3058 3163 3163 3276 3405 3538 3669 3691 3573 3456 3328 3211 3104 3006 3036 3071 3075 3023 3023 2935 2842 2834 2920 3043 3174 3285 3377 3438 3456 3533 3634 3761 3900 3985 3985 3988 3940 3914 3905 3864 3861 3853 3828 3789 3730 3635 3603 3558 3494 3426 3426 3341 3228 3164 3130 3076 3047 3036 3033 3052 3093 3161 3218 3268 3311
3770 3665 3556 3556 3475 3433 3400 3376 3354 3324 3172 3208 3089 2989 2950 2965 3035 3136 3237 3237 3349 3474 3601 3669 3576 3476 3374 3286 3177 3081 3052 3138 3217 3189 3092 3092 2990 2876 2846 2922 3039 3145 3222 3284 3343 3406 3504 3637 3757 3811 3857 3857 3948 4014 4049 4036 3959 3915 3864 3794 3747 3672 3589 3553 3505 3437 3368 3368 3313 3271 3228 3150 3136 3102 3069 3058 3057 3058 3082 3130 3160 3199
3714 3601 3511 3511 3429 3396 3375 3344 3329 3243 3108 3129 3022 2969 2974 3022 3117 3223 3329 3329 3435 3557 3670 3614 3482 3357 3255 3177 3122 3132 3173 3230 3296 3254 3156 3156 3039 2914 2849 2904 2986 3079 3180 3259 3337 3435 3538 3609 3627 3650 3730 3730 3821 3906 3987 4050 4001 3948 3879 3816 3745 3693 3651 3614 3551 3496 3455 3455 3413 3348 3236 3226 3207 3147 3129 3122 3090 3086 3076 3089 3134 3175
3713 3610 3532 3532 3470 3419 3374 3320 3269 3161 3063 3055 2986 2991 3014 3082 3194 3307 3420 3420 3533 3650 3695 3569 3426 3306 3249 3250 3222 3260 3324 3377 3395 3343 3225 3225 3108 2984 2886 2864 2924 3042 3170 3279 3381 3455 3469 3453 3482 3549 3623 3623 3703 3774 3848 3980 4030 3953 3895 3896 3861 3827 3805 3753 3674 3591 3506 3506 3428 3339 3286 3344 3279 3212 3196 3181 3142 3121 3096 3134 3200 3214
3713 3610 3532 3532 3470 3419 3374 3320 3269 3161 3063 3055 2986 2991 3014 3082 3194 3307 3420 3420 3533 3650 3695 3569 3426 3306 3249 3250 3222 3260 3324 3377 3395 3343 3225 3225 3108 2984 2886 2864 2924 3042 3170 3279 3381 3455 3469 3453 3482 3549 3623 3623 3703 3774 3848 3980 4030 3953 3895 3896 3861 3827 3805 3753 3674 3591 3506 3506 3428 3339 3286 3344 3279 3212 3196 3181 3142 3121 3096 3134 3200 3214
3717 3657 3562 3562 3457 3368 3333 3262 3164 3074 3044 3008 3003 3032 3060 3142 3254 3376 3503 3503 3625 3736 3697 3559 3423 3339 3366 3406 3363 3375 3469 3522 3500 3389 3263 3263 3139 3033 2934 2897 2897 3019 3141 3242 3302 3340 3340 3351 3433 3486 3558 3558 3623 3686 3763 3879 3881 3848 3823 3865 3943 3921 3838 3762 3681 3592 3489 3489 3400 3370 3427 3437 3348 3299 3265 3242 3190 3169 3163 3185 3214 3226
3580 3520 3411 3411 3299 3223 3183 3136 3076 3026 3056 3014 3038 3073 3099 3177 3283 3412 3555 3555 3697 3793 3717 3591 3474 3418 3491 3564 3512 3495 3582 3630 3529 3404 3289 3289 3172 3064 2960 2908 2907 3004 3104 3146 3204 3233 3243 3306 3371 3447 3520 3520 3588 3621 3685 3741 3747 3748 3762 3834 3943 3933 3840 3783 3712 3624 3500 3500 3460 3513 3571 3538 3462 3407 3352 3271 3225 3235 3224 3241 3253 3262
3482 3409 3294 3294 3212 3188 3161 3110 3056 3037 3090 3055 3076 3110 3150 3212 3316 3439 3571 3571 3715 3823 3754 3641 3535 3508 3596 3688 3681 3651 3664 3619 3494 3366 3234 3234 3126 3053 2991 2940 2913 2961 3014 3065 3116 3167 3239 3308 3366 3426 3480 3480 3520 3533 3584 3633 3655 3674 3727 3813 3930 3988 3905 3830 3761 3661 3562 3562 3588 3657 3726 3683 3587 3481 3370 3314 3277 3316 3318 3318 3322 3321
3428 3330 3252 3252 3235 3219 3194 3144 3110 3109 3146 3112 3120 3161 3205 3321 3415 3464 3566 3566 3700 3838 3804 3695 3610 3602 3653 3743 3816 3739 3612 3513 3424 3318 3250 3250 3229 3148 3080 3023 2943 2945 3023 3096 3148 3217 3279 3319 3354 3395 3427 3427 3450 3475 3515 3557 3579 3635 3733 3810 3918 4015 3963 3894 3815 3703 3674 3674 3725 3803 3841 3742 3638 3544 3483 3408 3339 3424 3472 3443 3447 3448
3368 3305 3272 3272 3276 3269 3246 3198 3165 3160 3225 3162 3169 3273 3299 3325 3443 3514 3596 3596 3713 3837 3835 3758 3739 3714 3704 3771 3841 3729 3603 3504 3438 3409 3395 3395 3317 3217 3154 3062 2978 2949 3031 3121 3160 3191 3219 3257 3309 3344 3372 3372 3400 3430 3449 3501 3571 3661 3745 3820 3925 4022 4013 3919 3841 3801 3816 3816 3854 3929 3938 3841 3722 3655 3573 3475 3411 3496 3594 3594 3598 3614
3484 3376 3325 3325 3305 3321 3303 3260 3214 3243 3307 3263 3248 3317 3424 3433 3478 3543 3613 3613 3690 3776 3858 3866 3873 3843 3805 3848 3876 3787 3697 3617 3577 3576 3490 3490 3364 3277 3198 3078 2999 2961 2998 3079 3128 3142 3210 3254 3282 3312 3339 3339 3369 3401 3451 3518 3597 3672 3738 3831 3939 4082 4092 4012 3913 3910 3923 3923 3965 4031 3986 3877 3809 3738 3642 3519 3501 3576 3682 3754 3755 3711
3523 3429 3378 3378 3353 3373 3394 3350 3302 3346 3391 3387 3377 3316 3370 3422 3467 3526 3588 3588 3642 3710 3786 3898 3998 3991 3956 3971 3980 3921 3820 3720 3651 3625 3515 3515 3385 3283 3173 3074 3017 2988 3016 3034 3095 3187 3262 3308 3358 3383 3373 3373 3395 3444 3496 3578 3685 3771 3784 3833 3935 4041 4081 4084 4029 4032 4058 4058 4098 4100 3981 3887 3809 3734 3650 3601 3617 3669 3748 3852 3800 3702
3518 3468 3462 3462 3440 3440 3491 3451 3395 3403 3476 3473 3450 3418 3462 3502 3571 3619 3656 3656 3703 3766 3845 3951 4076 4136 4118 4076 3953 3860 3780 3663 3548 3504 3420 3420 3292 3205 3125 3119 3127 3040 3028 3071 3131 3207 3286 3355 3415 3440 3476 3476 3474 3474 3522 3593 3690 3813 3857 3875 3935 4000 4062 4145 4154 4175 4232 4232 4225 4159 4039 3925 3822 3741 3690 3708 3741 3751 3822 3857 3774 3675
3608 3589 3552 3552 3490 3486 3526 3511 3468 3470 3558 3519 3513 3514 3607 3662 3726 3782 3821 3821 3823 3881 3925 4010 -9999 -9999 -9999 -9999 3956 3841 3731 3600 3496 3423 3368 3368 3326 3239 3208 3259 3245 3122 3043 3094 3127 3186 3265 3349 3421 3485 3532 3532 3556 3583 3580 3629 3707 3787 3831 3884 3972 4057 4150 4218 4284 4345 4338 4338 4260 4181 4081 3964 3846 3790 3779 3790 3819 3853 3905 3844 3736 3671
3709 3695 3656 3656 3603 3557 3568 3568 3571 3568 3655 3581 3620 3607 3628 3702 3806 3906 3977 3977 3948 -9999 -9999 -9999 -9999 -9999 -9999 -9999 -9999 -9999 3802 3697 3601 3516 3479 3479 3424 3350 3364 3380 3293 3178 3079 3134 3152 3216 3305 3395 3446 3507 3578 3578 3643 3684 3694 3683 3740 3811 3866 3912 3994 4078 4157 4236 4352 4371 4308 4308 4238 4173 4063 3964 3919 3920 3920 3939 4005 3998 3953 3820 3728 3705
3756 3752 3736 3736 3667 3634 3624 3645 3679 3692 3773 3708 3698 3752 3780 3793 3828 3941 4056 -9999 -9999 -9999 -9999 -9999 -9999 -9999 -9999 -9999 -9999 -9999 -9999 3827 3740 3646 3546 3546 3460 3500 3507 3420 3337 3246 3142 3126 3188 3267 3345 3420 3472 3555 3624 3624 3679 3725 3793 3806 3809 3853 3928 3982 4027 4065 4133 4218 4403 4372 4299 4299 4262 4170 4071 4018 4019 4015 4054 4138 4067 3965 3898 3797 3738 3743
3820 3844 3811 3811 3750 3720 3710 3744 3795 3823 3877 3831 3831 3831 3903 3958 3962 4018 4075 -9999 -9999 -9999 -9999 -9999 -9999 -9999 -9999 -9999 -9999 -9999 -9999 -9999 3840 3750 3647 3647 3588 3627 3589 3536 3442 3311 3188 3140 3206 3291 3365 3441 3506 3582 3643 3643 3676 3737 3807 3864 3873 3906 3980 4050 4069 4096 4173 4333 4481 4401 4314 4314 4242 4169 4134 4095 4087 4094 4093 4008 3932 3908 3853 3794 3784 3813
3882 3940 3938 3938 3889 3845 3813 3871 3939 3963 3925 3966 3991 3995 4013 4106 4112 4107 -9999 -9999 -9999 -9999 -9999 -9999 -9999 -9999 -9999 -9999 -9999 -9999 -9999 -9999 -9999 3815 3792 3792 3751 3695 3592 3524 3438 3330 3195 3202 3248 3314 3386 3473 3526 3598 3643 3643 3667 3740 3827 3873 3918 3950 3989 4054 4094 4131 4267 4447 4552 4460 4351 4351 4262 4229 4191 4174 4180 4096 4008 3950 3907 3871 3832 3819 3839 3908
3999 4035 4090 4090 4032 3963 3932 3998 4050 -9999 -9999 -9999 -9999 -9999 -9999 -9999 -9999 -9999 -9999 -9999 -9999 -9999 -9999 -9999 -9999 -9999 -9999 -9999 -9999 -9999 -9999 -9999 -9999 -9999 -9999 -9999 3790 3674 3572 3495 3422 3326 3228 3254 3316 3388 3425 3505 3560 3601 3616 3616 3658 3737 3820 3875 3922 3960 4003 4056 4125 4208 4337 4523 4625 4500 4361 4361 4302 4266 4238 4215 4127 4046 3989 3938 3908 3884 3867 3884 3906 3959
4125 4111 4195 4195 4181 4115 4067 4089 -9999 -9999 -9999 -9999 -9999 -9999 -9999 -9999 -9999 -9999 -9999 -9999 -9999 -9999 -9999 -9999 -9999 -9999 -9999 -9999 -9999 -9999 -9999 -9999 -9999 -9999 -9999 -9999 3817 3751 3679 3595 3483 3379 3279 3262 3327 3391 3443 3499 3537 3561 3606 3606 3656 3731 3798 3855 3916 3975 4032 4104 4215 4315 4413 4627 4651 4496 4398 4398 4366 4337 4304 4206 4104 4038 3995 3956 3934 3938 3950 3934 3939 -9999
4125 4111 4195 4195 4181 4115 4067 -9999 -9999 -9999 -9999 -9999 -9999 -9999 -9999 -9999 -9999 -9999 -9999 -9999 -9999 -9999 -9999 -9999 -9999 -9999 -9999 -9999 -9999 -9999 -9999 -9999 -9999 -9999 -9999 -9999 -9999 3751 3679 3595 3483 3379 3279 3262 3327 3391 3443 3499 3537 3561 3606 3606 3656 3731 3798 3855 3916 3975 4032 4104 4215 4315 4413 4627 -9999 -9999 -9999 -9999 -9999 -9999 4304 4206 4104 4038 3995 3956 3934 3938 -9999 -9999 -9999 -9999
