1. mHM/Maipo Basin 5710001/morph/dem.asc
ncols        384
nrows        768
xllcorner    -70.500000000000
yllcorner    -34.500000000000
cellsize     0.001953125000
NODATA_value -9999
[rows 144 to 179 of 768, columns 164 to 245 of 384]
3916 3932 3927 3772 3636 3636 3512 3406 3332 3254 3157 3077 2992 2890 2761 2628 2504 2427 2405 2393 2388 2388 2388 2453 2586 2716 2840 2958 3081 3208 3291 3367 3413 3464 3543 3609 3675 3675 3762 3856 3946 4030 4124 4251 4386 4463 4487 4549 4615 4712 4690 4577 4566 4566 4568 4448 4324 4190 4103 4072 4088 4117 4172 4241 4279 4308 4349 4438 4611 4611 4789 4943 4880 4778 4670 4554 4584 4636 4612 4560 4524 4538
3790 3840 3908 3775 3638 3638 3510 3385 3280 3198 3130 3069 2989 2886 2772 2646 2522 2417 2394 2387 2385 2385 2387 2469 2609 2738 2863 2963 3080 3208 3324 3433 3523 3575 3628 3688 3753 3753 3847 3941 4043 4129 4220 4325 4446 4491 4512 4476 4492 4572 4640 4651 4616 4616 4472 4322 4184 4065 3961 3928 3923 3953 3999 4052 4082 4123 4202 4315 4505 4505 4670 4828 4835 4762 4640 4471 4337 4409 4373 4309 4291 4296
3701 3795 3898 3789 3652 3652 3528 3407 3299 3206 3102 2993 2897 2804 2733 2651 2543 2438 2404 2388 2384 2384 2384 2465 2606 2734 2848 2947 3060 3185 3313 3412 3473 3472 3521 3571 3661 3661 3739 3828 3935 4047 4181 4324 4385 4321 4339 4305 4325 4399 4512 4595 4508 4508 4355 4231 4098 4002 3923 3875 3860 3852 3870 3901 3942 3997 4093 4203 4347 4347 4503 4669 4761 4766 4603 4395 4200 4159 4183 4159 4137 4161
3629 3705 3841 3819 3720 3720 3618 3492 3401 3302 3179 3059 2939 2804 2713 2624 2518 2444 2407 2387 2380 2380 2382 2448 2578 2678 2785 2891 3010 3139 3255 3326 3341 3332 3399 3455 3550 3550 3658 3767 3882 4003 4138 4247 4210 4156 4176 4177 4197 4301 4435 4529 4412 4412 4260 4135 4017 3938 3881 3854 3846 3846 3843 3855 3874 3903 3994 4093 4220 4220 4327 4443 4564 4615 4507 4322 4121 4040 4017 4042 4076 4121
3567 3606 3698 3727 3728 3728 3682 3601 3492 3356 3226 3103 2966 2839 2725 2643 2547 2450 2400 2382 2378 2378 2377 2426 2537 2625 2727 2837 2953 3074 3157 3184 3194 3233 3310 3401 3507 3507 3630 3760 3894 4028 4096 4079 4041 4017 4040 4092 4175 4286 4417 4452 4305 4305 4183 4068 3965 3888 3840 3820 3831 3836 3827 3843 3853 3847 3878 3945 4037 4037 4121 4203 4339 4443 4370 4229 4069 3973 3957 3960 4031 4134
3487 3487 3531 3591 3617 3617 3602 3566 3480 3365 3231 3087 2948 2815 2702 2624 2561 2463 2393 2376 2374 2374 2380 2401 2497 2582 2680 2781 2865 2941 3005 3039 3100 3185 3290 3405 3535 3535 3668 3803 3927 3961 3939 3928 3908 3912 3989 4110 4222 4332 4444 4408 4258 4258 4133 4027 3937 3861 3815 3794 3805 3814 3809 3813 3826 3811 3794 3810 3874 3874 3951 4041 4182 4338 4285 4137 4003 3928 3908 3934 4019 4160
3474 3431 3417 3456 3503 3503 3485 3427 3338 3273 3190 3066 2935 2818 2721 2640 2563 2480 2403 2374 2373 2373 2387 2412 2465 2531 2591 2681 2779 2895 2973 3046 3136 3239 3350 3469 3594 3594 3726 3786 3801 3789 3783 3805 3802 3906 4040 4177 4295 4399 4515 4465 4340 4340 4215 4097 3981 3870 3801 3781 3786 3791 3789 3782 3780 3763 3754 3759 3791 3791 3835 3919 4037 4184 4193 4058 3949 3886 3876 3932 4022 4178
3474 3431 3417 3456 3503 3503 3485 3427 3338 3273 3190 3066 2935 2818 2721 2640 2563 2480 2403 2374 2373 2373 2387 2412 2465 2531 2591 2681 2779 2895 2973 3046 3136 3239 3350 3469 3594 3594 3726 3786 3801 3789 3783 3805 3802 3906 4040 4177 4295 4399 4515 4465 4340 4340 4215 4097 3981 3870 3801 3781 3786 3791 3789 3782 3780 3763 3754 3759 3791 3791 3835 3919 4037 4184 4193 4058 3949 3886 3876 3932 4022 4178
3585 3486 3396 3361 3384 3384 3354 3280 3203 3134 3067 3010 2955 2899 2827 2728 2618 2494 2404 2371 2372 2372 2385 2408 2443 2529 2632 2728 2839 2951 3030 3105 3198 3303 3422 3551 3665 3665 3701 3661 3671 3663 3660 3707 3821 3966 4098 4233 4357 4479 4595 4560 4435 4435 4319 4207 4068 3958 3865 3787 3748 3768 3776 3753 3732 3703 3708 3709 3730 3730 3758 3820 3959 4123 4120 3985 3897 3848 3848 3933 4023 4198
3699 3560 3463 3386 3334 3334 3280 3220 3151 3122 3064 3001 2935 2859 2821 2784 2643 2499 2402 2370 2368 2368 2376 2392 2421 2535 2659 2780 2897 3002 3100 3182 3270 3375 3475 3541 3558 3558 3552 3557 3544 3542 3600 3728 3856 3973 4102 4255 4374 4498 4620 4644 4537 4537 4402 4285 4160 4030 3913 3816 3745 3749 3752 3743 3706 3664 3652 3650 3688 3688 3712 3779 3922 4039 4020 3908 3823 3799 3809 3918 4021 4238
3762 3677 3591 3525 3463 3463 3400 3310 3258 3273 3202 3129 3031 2928 2791 2698 2614 2497 2408 2382 2365 2365 2367 2377 2413 2503 2613 2745 2871 2993 3113 3223 3329 3384 3388 3369 3389 3389 3404 3395 3414 3515 3639 3772 3905 4024 4138 4257 4382 4481 4515 4564 4576 4576 4500 4399 4259 4096 3968 3860 3774 3725 3725 3729 3716 3673 3617 3590 3605 3605 3636 3701 3782 3854 3872 3778 3735 3713 3728 3833 3947 4150
3894 3792 3708 3640 3549 3549 3434 3392 3389 3375 3271 3128 3006 2902 2802 2708 2617 2492 2422 2393 2369 2369 2365 2372 2403 2495 2598 2720 2840 2961 3084 3212 3252 3244 3235 3182 3193 3193 3259 3367 3478 3586 3700 3817 3919 4025 4145 4258 4357 4354 4353 4421 4526 4526 4561 4444 4291 4142 4022 3924 3839 3757 3701 3712 3711 3698 3635 3558 3528 3528 3552 3592 3671 3735 3743 3650 3615 3631 3686 3808 3886 4046
3902 3825 3750 3682 3587 3587 3535 3531 3464 3348 3229 3103 3001 2903 2822 2730 2621 2494 2413 2384 2368 2368 2369 2376 2394 2494 2607 2708 2820 2943 3074 3147 3098 3080 3067 3097 3203 3203 3355 3483 3590 3688 3793 3921 4049 4099 4171 4224 4222 4211 4240 4341 4453 4453 4530 4443 4324 4248 4131 4007 3904 3809 3724 3692 3685 3679 3653 3574 3500 3500 3503 3528 3595 3660 3613 3550 3558 3589 3659 3765 3851 3993
4020 3948 3851 3736 3689 3689 3674 3607 3516 3407 3292 3187 3067 2938 2819 2697 2581 2466 2395 2364 2370 2370 2381 2389 2402 2492 2599 2699 2813 2942 3051 3018 2944 2987 3118 3222 3333 3333 3434 3540 3660 3788 3915 4011 4084 4120 4122 4111 4108 4143 4217 4320 4428 4428 4526 4534 4449 4320 4203 4104 3999 3899 3797 3701 3651 3653 3617 3564 3504 3504 3491 3478 3538 3567 3494 3483 3522 3565 3630 3712 3809 3919
3972 3936 3812 3696 3724 3724 3665 3553 3470 3382 3272 3172 3051 2927 2800 2683 2564 2452 2375 2366 2383 2383 2397 2408 2427 2520 2591 2675 2795 2936 2954 2875 2904 3049 3201 3343 3476 3476 3568 3665 3752 3840 3948 4037 4026 3982 3988 4013 4063 4136 4218 4316 4422 4422 4522 4571 4454 4291 4146 4044 3948 3867 3795 3721 3651 3623 3597 3541 3504 3504 3483 3454 3465 3463 3436 3470 3516 3562 3628 3724 3815 3923
3820 3791 3699 3618 3662 3662 3621 3548 3456 3348 3262 3145 3012 2900 2795 2667 2535 2441 2378 2370 2391 2391 2410 2429 2454 2529 2568 2605 2705 2770 2770 2920 3001 3125 3276 3422 3519 3519 3598 3626 3691 3760 3841 3895 3885 3900 3960 4031 4111 4183 4264 4361 4465 4465 4565 4525 4381 4229 4086 3988 3895 3818 3750 3682 3620 3586 3578 3516 3479 3479 3459 3438 3414 3403 3418 3448 3492 3603 3711 3752 3861 3996
3671 3644 3582 3535 3525 3525 3470 3426 3355 3289 3223 3178 3084 2960 2844 2701 2560 2452 2363 2370 2394 2394 2416 2437 2462 2492 2515 2571 2640 2669 2811 3006 3120 3204 3324 3379 3404 3404 3483 3515 3579 3638 3713 3768 3854 3976 4077 4123 4199 4283 4360 4442 4553 4553 4638 4518 4353 4214 4092 4002 3938 3888 3837 3794 3717 3613 3554 3510 3456 3456 3433 3408 3380 3380 3392 3457 3556 3637 3739 3820 3892 4013
3646 3574 3513 3465 3408 3408 3331 3273 3223 3156 3089 3061 3009 2900 2773 2649 2534 2439 2351 2368 2387 2387 2408 2429 2452 2516 2578 2657 2773 2857 2903 2987 3102 3131 3215 3253 3305 3305 3382 3459 3531 3602 3705 3828 3928 4048 4180 4261 4307 4393 4499 4554 4605 4605 4645 4532 4387 4280 4209 4150 4098 4054 4001 3934 3810 3669 3539 3493 3429 3429 3414 3388 3343 3347 3365 3494 3631 3723 3834 3900 3979 4090
3730 3614 3507 3425 3352 3352 3265 3188 3123 3057 2983 2935 2877 2809 2698 2594 2490 2419 2348 2351 2374 2374 2393 2412 2439 2544 2653 2743 2816 2926 3056 3141 3205 3220 3250 3334 3402 3402 3465 3551 3653 3728 3765 3855 3976 4093 4168 4202 4285 4393 4496 4572 4621 4621 4620 4484 4321 4217 4145 4125 4096 4050 4023 3971 3843 3702 3561 3457 3404 3404 3379 3347 3309 3314 3365 3498 3652 3783 3909 4013 4070 4165
3814 3689 3617 3535 3452 3452 3357 3296 3241 3156 3055 2948 2863 2773 2645 2518 2450 2411 2364 2333 2347 2347 2376 2389 2415 2496 2603 2695 2801 2919 3060 3209 3324 3374 3400 3481 3546 3546 3610 3684 3768 3868 3910 3907 3943 4008 4069 4137 4234 4346 4464 4589 4676 4676 4591 4404 4224 4107 4026 3983 3941 3896 3867 3842 3767 3649 3530 3431 3368 3368 3332 3309 3281 3294 3402 3551 3678 3795 3916 4026 4046 4097
3856 3813 3772 3665 3544 3544 3472 3444 3349 3232 3140 3087 2981 2847 2711 2583 2475 2419 2371 2332 2323 2323 2356 2367 2401 2469 2559 2672 2800 2928 3053 3190 3326 3457 3541 3620 3698 3698 3755 3827 3894 3985 4038 4032 4038 4074 4109 4155 4229 4322 4433 4538 4606 4606 4543 4343 4182 4069 3981 3919 3859 3816 3773 3725 3667 3582 3497 3422 3355 3355 3307 3287 3260 3287 3404 3558 3680 3772 3869 3916 3920 3986
3839 3777 3714 3653 3592 3592 3551 3497 3411 3325 3241 3136 3011 2871 2733 2605 2511 2461 2410 2343 2311 2311 2332 2358 2419 2480 2562 2671 2791 2916 3039 3168 3298 3431 3571 3690 3684 3684 3676 3747 3808 3883 3923 3916 3967 4063 4144 4160 4209 4245 4329 4439 4536 4536 4465 4286 4164 4058 3977 3918 3859 3803 3736 3679 3614 3523 3439 3370 3321 3321 3278 3262 3235 3288 3408 3530 3627 3735 3798 3825 3890 3966
3807 3730 3663 3596 3506 3506 3442 3375 3309 3256 3176 3052 2946 2818 2697 2592 2519 2459 2402 2351 2318 2318 2308 2348 2436 2490 2548 2649 2773 2902 3034 3183 3335 3479 3571 3617 3564 3564 3550 3602 3673 3755 3759 3780 3870 3979 4025 4012 4055 4107 4197 4311 4430 4430 4417 4219 4093 4022 3988 3985 3945 3898 3841 3779 3686 3595 3519 3426 3326 3326 3251 3227 3214 3271 3383 3499 3612 3681 3726 3810 3902 3982
3807 3730 3663 3596 3506 3506 3442 3375 3309 3256 3176 3052 2946 2818 2697 2592 2519 2459 2402 2351 2318 2318 2308 2348 2436 2490 2548 2649 2773 2902 3034 3183 3335 3479 3571 3617 3564 3564 3550 3602 3673 3755 3759 3780 3870 3979 4025 4012 4055 4107 4197 4311 4430 4430 4417 4219 4093 4022 3988 3985 3945 3898 3841 3779 3686 3595 3519 3426 3326 3326 3251 3227 3214 3271 3383 3499 3612 3681 3726 3810 3902 3982
3886 3804 3728 3624 3504 3504 3393 3307 3219 3140 3067 2973 2850 2737 2645 2578 2523 2495 2422 2336 2307 2307 2301 2371 2435 2476 2530 2633 2763 2893 3029 3168 3317 3431 3435 3482 3434 3434 3434 3489 3554 3626 3647 3700 3813 3928 3882 3888 3933 4008 4113 4200 4320 4320 4293 4094 3989 3908 3854 3832 3816 3827 3820 3759 3670 3575 3466 3375 3302 3302 3222 3194 3191 3251 3353 3459 3557 3653 3747 3865 3957 4025
3976 3851 3747 3637 3524 3524 3425 3339 3242 3184 3117 3041 2932 2820 2725 2651 2563 2482 2401 2315 2293 2293 2302 2362 2425 2491 2538 2626 2745 2877 3008 3140 3255 3289 3294 3332 3319 3319 3361 3423 3477 3535 3582 3676 3771 3796 3762 3802 3871 3971 4044 4113 4216 4216 4235 4070 3945 3854 3772 3727 3698 3686 3656 3610 3540 3470 3419 3369 3304 3304 3212 3164 3180 3236 3326 3428 3532 3641 3777 3917 4016 4082
3964 3909 3824 3722 3600 3600 3482 3377 3352 3320 3233 3124 2990 2850 2738 2649 2556 2468 2390 2306 2284 2284 2287 2365 2475 2564 2602 2637 2730 2845 2954 3046 3106 3141 3162 3202 3254 3254 3329 3401 3458 3486 3519 3579 3667 3669 3699 3762 3842 3902 3948 4035 4137 4137 4240 4114 3967 3857 3777 3710 3657 3617 3577 3546 3519 3491 3458 3393 3293 3293 3188 3143 3157 3221 3302 3384 3482 3609 3737 3841 3905 3948
3848 3823 3838 3769 3649 3649 3544 3490 3463 3361 3232 3117 2990 2844 2722 2628 2538 2454 2386 2319 2283 2283 2281 2364 2488 2580 2640 2672 2749 2838 2905 2956 3004 3053 3104 3167 3249 3249 3339 3383 3416 3444 3474 3516 3579 3617 3657 3729 3788 3865 3956 4056 4170 4170 4280 4198 4063 3952 3866 3782 3714 3661 3621 3580 3568 3552 3532 3448 3325 3325 3188 3126 3143 3189 3250 3317 3422 3553 3667 3768 3849 3941
3758 3719 3702 3697 3640 3640 3588 3518 3444 3341 3225 3117 3005 2886 2757 2648 2552 2454 2376 2324 2290 2290 2277 2353 2488 2600 2663 2713 2805 2869 2899 2934 2971 3015 3072 3142 3226 3226 3318 3364 3402 3443 3484 3521 3555 3602 3670 3741 3809 3903 4002 4120 4250 4250 4299 4246 4174 4066 3992 3924 3860 3811 3784 3743 3711 3689 3617 3480 3334 3334 3192 3107 3128 3168 3264 3374 3466 3545 3642 3747 3859 3965
3719 3659 3621 3573 3513 3513 3461 3407 3402 3404 3295 3162 3030 2884 2738 2620 2530 2450 2380 2328 2290 2290 2271 2332 2466 2599 2680 2766 2869 2885 2897 2921 2950 2997 3061 3122 3204 3204 3279 3307 3340 3371 3434 3508 3537 3595 3657 3723 3788 3892 4009 4125 4244 4244 4165 4167 4085 4005 3912 3871 3863 3895 3920 3897 3850 3766 3634 3482 3339 3339 3200 3094 3096 3138 3236 3353 3443 3500 3599 3694 3794 3901
3821 3698 3612 3545 3468 3468 3400 3354 3321 3342 3306 3168 3026 2887 2750 2628 2533 2464 2394 2348 2282 2282 2270 2326 2439 2574 2696 2774 2866 2880 2886 2900 2932 2979 3034 3096 3178 3178 3231 3261 3296 3339 3392 3465 3515 3585 3639 3694 3787 3903 4022 4147 4238 4238 4109 4057 3958 3881 3812 3752 3749 3773 3828 3879 3874 3771 3638 3491 3349 3349 3213 3095 3058 3112 3203 3299 3375 3454 3526 3606 3706 3807
3890 3797 3715 3633 3512 3512 3389 3307 3256 3250 3246 3147 3014 2879 2747 2625 2521 2448 2399 2354 2283 2283 2265 2315 2437 2568 2687 2756 2846 2868 2867 2878 2913 2962 3034 3130 3236 3236 3269 3295 3335 3369 3402 3449 3511 3572 3606 3668 3766 3872 4001 4128 4236 4236 4164 4055 3942 3848 3780 3718 3695 3675 3694 3743 3741 3670 3576 3463 3356 3356 3223 3097 3038 3094 3175 3267 3353 3416 3475 3546 3639 3725
-9999 3921 3844 3707 3560 3560 3420 3293 3199 3175 3138 3114 3044 2928 2791 2656 2536 2442 2384 2330 2280 2280 2258 2310 2432 2546 2636 2729 2830 2849 2847 2881 2931 2969 3024 3119 3235 3235 3291 3302 3350 3394 3436 3497 3538 3570 3609 3649 3718 3809 3924 4059 4193 4193 4270 4146 4035 3945 3868 3761 3685 3626 3616 3641 3613 3524 3433 3357 3284 3284 3196 3084 3026 3075 3151 3244 3320 3374 3436 3515 3604 3698
3867 3896 3818 3692 3596 3596 3483 3345 3205 3094 3042 3024 3005 2935 2810 2688 2575 2465 2371 2303 2270 2270 2255 2315 2433 2517 2608 2717 2813 2809 2829 2924 2998 3019 3055 3124 3234 3234 3307 3356 3423 3468 3498 3530 3559 3592 3623 3653 3690 3756 3862 3995 4129 4129 4234 4136 4060 3927 3854 3764 3680 3614 3582 3547 3494 3443 3362 3295 3242 3242 3176 3075 3013 3060 3162 3235 3297 3359 3427 3507 3581 3666
3871 3771 3699 3610 3509 3509 3403 3294 3181 3083 2983 2913 2890 2825 2692 2586 2501 2452 2380 2298 2276 2276 2257 2278 2383 2493 2597 2713 2765 2737 2816 2926 2992 3042 3104 3168 3242 3242 3316 3385 3452 3510 3552 3577 3596 3611 3651 3688 3730 3793 3888 3991 4118 4118 4229 4177 4094 3994 3941 3826 3730 3644 3582 3528 3450 3392 3353 3330 3265 3265 3170 3075 3003 3037 3136 3224 3279 3335 3401 3502 3605 3702
3835 3712 3643 3598 3528 3528 3445 3360 3248 3133 3036 2933 2832 2730 2645 2557 2461 2390 2345 2310 2283 2283 2261 2251 2330 2444 2556 2647 2673 2712 2808 2908 2990 3066 3151 3230 3311 3311 3381 3469 3526 3560 3606 3643 3659 3671 3745 3810 3862 3928 4011 4107 4145 4145 4200 4263 4255 4138 4056 3944 3836 3733 3644 3576 3503 3458 3446 3396 3287 3287 3180 3077 2995 3006 3089 3172 3238 3297 3365 3458 3548 3624
