1. mHM/Maipo Basin 5710001/morph/dem.asc
ncols        384
nrows        768
xllcorner    -70.500000000000
yllcorner    -34.500000000000
cellsize     0.001953125000
NODATA_value -9999
[rows 216 to 251 of 768, columns 246 to 327 of 384]
2622 2660 2596 2596 2522 2354 2305 2251 2220 2260 2385 2306 2338 2405 2527 2713 2883 3065 3168 3168 3262 3271 3272 3251 3282 3279 3267 3237 3258 3272 3302 3370 3290 3183 3128 3128 3115 3095 3040 2926 2900 2922 2877 2834 2990 3172 3311 3368 3447 3459 3501 3501 3574 3698 3802 3910 4018 4081 4142 4173 4049 3933 3876 3880 3943 3992 4118 4118 4237 4191 4228 4258 4350 4409 4436 4412 4437 4510 4600 4500 4388 4410
2583 2520 2444 2444 2350 2224 2200 2236 2314 2389 2499 2410 2394 2431 2578 2731 2868 3027 3122 3122 3239 3363 3420 3409 3435 3432 3407 3379 3425 3434 3446 3480 3411 3327 3298 3298 3264 3192 3137 3024 2902 2945 2946 2880 2908 3101 3282 3388 3501 3575 3641 3641 3707 3751 3836 3935 4033 4117 4191 4143 3992 3859 3808 3805 3854 3907 3982 3982 4027 4020 4064 4149 4250 4299 4366 4336 4392 4482 4503 4330 4309 4334
2541 2422 2306 2306 2219 2185 2257 2371 2502 2599 2635 2582 2532 2481 2546 2671 2823 3013 3118 3118 3236 3365 3497 3570 3590 3585 3537 3514 3574 3600 3614 3611 3541 3500 3444 3444 3347 3283 3247 3123 2940 2958 2978 2952 2893 3003 3174 3295 3416 3546 3676 3676 3795 3868 3921 3976 4067 4143 4173 4089 3943 3800 3733 3743 3758 3771 3800 3800 3851 3890 3943 4019 4097 4201 4276 4280 4384 4481 4431 4261 4239 4267
2456 2319 2208 2208 2176 2259 2377 2483 2620 2735 2770 2759 2687 2605 2567 2667 2832 2989 3125 3125 3239 3369 3497 3628 3718 3732 3681 3672 3719 3753 3748 3738 3671 3623 3545 3545 3450 3386 3316 3184 2987 2975 2989 2999 2940 2937 3077 3217 3344 3452 3582 3582 3707 3790 3866 3937 4034 4109 4123 4034 3896 3757 3676 3678 3676 3673 3719 3719 3810 3851 3889 3937 4003 4097 4178 4250 4395 4487 4356 4184 4193 4209
2359 2212 2159 2159 2244 2413 2549 2597 2681 2805 2886 2888 2838 2737 2643 2689 2847 3010 3164 3164 3282 3373 3457 3579 3693 3774 3825 3827 3870 3916 3898 3861 3787 3727 3619 3619 3504 3412 3319 3208 3059 2983 2995 3020 2992 2939 3011 3145 3274 3383 3491 3491 3567 3630 3701 3785 3876 3948 4021 3984 3877 3723 3622 3599 3609 3619 3680 3680 3823 3942 3925 3923 3979 4088 4215 4258 4340 4388 4239 4117 4129 4171
2273 2147 2187 2187 2317 2505 2658 2755 2795 2868 2980 2967 2973 2852 2748 2721 2854 3000 3130 3130 3234 3278 3376 3487 3587 3718 3838 3943 4015 4061 4020 3940 3848 3740 3616 3616 3487 3377 3290 3203 3119 3041 3016 3012 3014 2970 2991 3083 3189 3276 3350 3350 3421 3490 3561 3634 3713 3805 3894 3887 3802 3671 3573 3553 3565 3581 3642 3642 3788 3900 3911 3913 3982 4062 4147 4153 4188 4229 4127 4053 4058 4128
2240 2132 2189 2189 2327 2478 2631 2765 2895 2970 3041 3051 3089 2978 2877 2814 2838 2913 2997 2997 3096 3188 3288 3392 3517 3650 3793 3935 4069 4147 4084 3954 3826 3704 3592 3592 3490 3399 3334 3290 3218 3107 3055 3049 3035 3016 2989 3033 3115 3165 3230 3230 3301 3363 3429 3506 3584 3685 3800 3806 3740 3617 3540 3522 3533 3545 3603 3603 3734 3768 3753 3782 3846 3905 3965 4018 4051 4075 4040 3986 3981 4071
2190 2127 2194 2194 2313 2456 2602 2770 2896 3001 3094 3112 3195 3142 3033 2961 2939 2954 3041 3041 3108 3144 3248 3361 3478 3622 3774 3926 4043 4114 4075 3996 3879 3762 3654 3654 3541 3422 3333 3251 3185 3114 3095 3065 3061 3044 3043 3026 3082 3130 3156 3156 3207 3255 3322 3394 3474 3586 3694 3744 3687 3586 3511 3495 3514 3525 3558 3558 3625 3621 3632 3667 3725 3779 3854 3926 3975 3988 3943 3917 3929 4055
2156 2128 2181 2181 2318 2457 2585 2710 2840 2950 3142 3090 3227 3251 3174 3107 3081 3070 3151 3151 3278 3246 3252 3380 3506 3616 3731 3861 3981 4011 3942 3893 3840 3736 3620 3620 3507 3400 3305 3212 3183 3224 3215 3106 3076 3058 3092 3066 3052 3067 3085 3085 3135 3197 3245 3292 3373 3472 3552 3627 3632 3567 3478 3458 3478 3502 3531 3531 3559 3575 3604 3630 3664 3706 3758 3818 3841 3857 3859 3875 3900 4010
2128 2113 2230 2230 2390 2529 2664 2763 2860 3004 3173 3144 3298 3355 3302 3264 3235 3216 3276 3276 3409 3395 3331 3409 3551 3685 3801 3911 4023 3956 3846 3774 3716 3656 3577 3577 3479 3391 3300 3244 3302 3348 3268 3131 3089 3064 3097 3118 3119 3137 3136 3136 3112 3140 3214 3243 3278 3340 3398 3479 3489 3464 3427 3439 3479 3512 3532 3532 3554 3584 3621 3635 3642 3656 3684 3723 3762 3790 3829 3864 3971 4066
2104 2139 2276 2276 2427 2572 2706 2847 2946 3086 3195 3225 3376 3473 3437 3423 3384 3371 3426 3426 3539 3543 3491 3467 3560 3700 3841 3976 4066 3970 3856 3751 3663 3595 3540 3540 3476 3394 3333 3339 3389 3353 3249 3131 3090 3074 3099 3111 3156 3209 3196 3196 3194 3161 3163 3218 3257 3284 3316 3349 3370 3383 3402 3430 3445 3473 3507 3507 3533 3559 3569 3577 3615 3676 3743 3761 3775 3802 3835 3872 3964 4017
2093 2152 2299 2299 2454 2620 2755 2879 2994 3095 3179 3225 3357 3486 3530 3526 3500 3520 3563 3563 3659 3704 3659 3615 3620 3743 3875 4010 4095 4008 3903 3804 3700 3624 3580 3580 3535 3480 3476 3442 3419 3342 3242 3126 3097 3085 3092 3115 3234 3306 3241 3241 3220 3228 3220 3198 3207 3223 3250 3272 3291 3310 3337 3356 3375 3392 3419 3419 3448 3472 3498 3553 3649 3770 3853 3874 3901 3956 3993 3958 3950 3985
2080 2192 2337 2337 2463 2585 2698 2804 2911 3047 3107 3188 3301 3381 3416 3421 3397 3448 3536 3536 3648 3783 3805 3754 3729 3798 3908 4042 4119 4033 3932 3851 3778 3731 3685 3685 3616 3585 3563 3517 3425 3324 3235 3124 3104 3104 3095 3109 3211 3317 3307 3307 3265 3248 3266 3283 3290 3293 3306 3321 3339 3365 3388 3416 3443 3479 3492 3492 3504 3515 3544 3578 3646 3778 3873 3944 3995 4064 4154 4166 4089 4068
2101 2190 2283 2283 2379 2490 2601 2729 2869 2996 3005 3099 3159 3213 3267 3285 3274 3356 3451 3451 3580 3705 3850 3880 3848 3902 4000 4090 4134 4080 4006 3922 3878 3823 3753 3753 3698 3635 3537 3459 3375 3289 3205 3134 3113 3111 3108 3102 3166 3293 3356 3356 3350 3304 3281 3291 3303 3326 3347 3354 3363 3370 3382 3403 3424 3448 3495 3495 3526 3547 3560 3576 3630 3704 3771 3846 3934 4034 4114 4190 4216 4213
2156 2207 2260 2260 2335 2425 2557 2673 2767 2869 2916 2953 2997 3062 3134 3142 3187 3270 3351 3351 3491 3645 3799 3925 3950 3915 3949 4051 4089 4015 3978 3983 3936 3898 3828 3828 3747 3649 3556 3486 3399 3284 3222 3189 3124 3115 3114 3110 3133 3240 3365 3365 3401 3387 3384 3388 3400 3409 3430 3440 3478 3496 3457 3451 3483 3465 3485 3485 3518 3535 3570 3598 3628 3683 3750 3837 3941 4030 4106 4171 4263 4388
2156 2207 2260 2260 2335 2425 2557 2673 2767 2869 2916 2953 2997 3062 3134 3142 3187 3270 3351 3351 3491 3645 3799 3925 3950 3915 3949 4051 4089 4015 3978 3983 3936 3898 3828 3828 3747 3649 3556 3486 3399 3284 3222 3189 3124 3115 3114 3110 3133 3240 3365 3365 3401 3387 3384 3388 3400 3409 3430 3440 3478 3496 3457 3451 3483 3465 3485 3485 3518 3535 3570 3598 3628 3683 3750 3837 3941 4030 4106 4171 4263 4388
2180 2290 2351 2351 2387 2450 2524 2594 2668 2754 2888 2824 2871 2924 2989 3020 3095 3182 3290 3290 3438 3608 3746 3875 3884 3810 3845 3919 3961 3945 3918 3996 3980 3932 3830 3830 3727 3637 3549 3471 3393 3341 3306 3226 3150 3121 3123 3119 3122 3189 3324 3324 3445 3471 3494 3535 3557 3572 3593 3597 3639 3646 3577 3567 3573 3541 3500 3500 3507 3539 3549 3599 3638 3721 3814 3903 4004 4109 4185 4282 4334 4427
2221 2346 2480 2480 2566 2609 2657 2687 2739 2787 2941 2832 2848 2879 2926 2967 3033 3133 3260 3260 3412 3582 3706 3802 3803 3732 3747 3790 3813 3823 3866 3990 4026 3939 3827 3827 3722 3625 3548 3490 3459 3432 3351 3279 3216 3137 3129 3128 3135 3158 3268 3268 3412 3472 3471 3504 3553 3616 3694 3743 3805 3801 3713 3725 3693 3619 3563 3563 3558 3590 3605 3586 3617 3702 3805 3918 4077 4216 4236 4309 4349 4352
2270 2405 2539 2539 2661 2767 2833 2895 2980 2959 3067 2971 2992 2970 2952 2948 2999 3105 3228 3228 3366 3485 3581 3636 3652 3655 3687 3716 3750 3800 3893 4014 4069 3980 3866 3866 3760 3668 3613 3577 3553 3495 3429 3356 3247 3161 3136 3137 3145 3156 3222 3222 3330 3377 3400 3422 3456 3517 3609 3724 3859 3913 3865 3875 3818 3716 3640 3640 3607 3630 3654 3640 3649 3672 3774 3885 3974 4009 4018 4063 4117 4149
2291 2436 2581 2581 2698 2824 2950 3051 3165 3127 3214 3165 3167 3098 3004 2972 3000 3068 3155 3155 3250 3329 3413 3475 3532 3640 3718 3766 3795 3872 3974 4095 4113 3999 3885 3885 3810 3750 3694 3624 3580 3545 3488 3390 3283 3195 3155 3148 3154 3164 3183 3183 3221 3257 3289 3335 3397 3449 3525 3627 3727 3844 3931 3980 3928 3819 3724 3724 3664 3666 3693 3678 3686 3681 3729 3837 3871 3885 3915 3963 4014 4062
2269 2395 2523 2523 2641 2776 2921 3082 3232 3280 3335 3363 3308 3170 3050 2994 3017 3087 3173 3173 3276 3351 3415 3521 3588 3687 3782 3850 3890 3964 4070 4169 4127 4009 3922 3922 3879 3835 3760 3648 3617 3618 3530 3428 3340 3281 3218 3167 3167 3170 3179 3179 3215 3263 3292 3304 3319 3384 3461 3537 3619 3715 3806 3897 3956 3908 3798 3798 3713 3712 3728 3715 3711 3728 3720 3796 3832 3842 3890 3963 4023 4059
2287 2430 2580 2580 2709 2813 2937 3080 3243 3387 3413 3484 3365 3210 3082 3019 3028 3113 3230 3230 3367 3497 3580 3621 3713 3771 3864 3973 4032 4051 4135 4221 4128 4044 3971 3971 3932 3880 3775 3697 3684 3661 3537 3423 3356 3321 3281 3201 3181 3186 3189 3189 3258 3378 3438 3435 3393 3370 3391 3467 3545 3618 3700 3776 3830 3907 3857 3857 3760 3734 3753 3752 3742 3760 3761 3804 3837 3865 3893 3927 3965 3989
2273 2406 2552 2552 2701 2843 2951 3065 3219 3375 3453 3532 3465 3266 3127 3042 3051 3127 3238 3238 3375 3512 3670 3743 3791 3850 3907 4021 4156 4209 4240 4222 4133 4077 4008 4008 3924 3860 3795 3745 3727 3641 3506 3410 3345 3343 3348 3250 3201 3203 3205 3205 3263 3400 3538 3563 3519 3469 3434 3430 3496 3556 3611 3667 3743 3815 3882 3882 3835 3779 3780 3787 3781 3788 3808 3819 3850 3871 3895 3915 3936 3971
2322 2424 2522 2522 2634 2755 2889 3048 3208 3361 3486 3522 3509 3322 3176 3088 3084 3152 3252 3252 3375 3510 3643 3789 3902 3927 3969 4054 4164 4308 4324 4225 4150 4092 4024 4024 3947 3871 3811 3785 3705 3572 3455 3390 3361 3386 3417 3320 3242 3222 3225 3225 3261 3396 3547 3665 3639 3578 3525 3492 3473 3538 3578 3607 3657 3735 3834 3834 3895 3866 3819 3813 3808 3819 3846 3862 3862 3880 3905 3936 3970 4011
2361 2464 2585 2585 2691 2792 2909 3051 3219 3376 3520 3527 3537 3361 3211 3119 3121 3179 3276 3276 3391 3528 3647 3761 3901 4011 4063 4143 4238 4347 4363 4274 4197 4125 4042 4042 3953 3858 3769 3698 3622 3524 3432 3407 3412 3483 3503 3407 3317 3248 3246 3246 3272 3391 3527 3694 3781 3719 3647 3580 3534 3531 3564 3595 3628 3676 3746 3746 3826 3891 3890 3844 3826 3847 3883 3905 3902 3905 3924 3931 3970 4004
2463 2555 2668 2668 2780 2875 2972 3113 3299 3458 3539 3583 3590 3418 3252 3156 3150 3181 3283 3283 3409 3552 3666 3783 3870 3952 4085 4234 4378 4475 4465 4373 4273 4163 4048 4048 3955 3862 3747 3657 3592 3518 3453 3458 3517 3612 3610 3511 3408 3316 3273 3273 3284 3376 3504 3654 3820 3864 3780 3696 3628 3585 3570 3589 3618 3645 3699 3699 3781 3853 3906 3925 3870 3850 3870 3903 3926 3948 3968 3958 3950 3993
2397 2498 2621 2621 2746 2891 3057 3194 3355 3509 3537 3648 3619 3435 3283 3194 3194 3208 3291 3291 3426 3560 3666 3744 3824 3939 4069 4228 4392 4521 4552 4452 4323 4212 4112 4112 4020 3928 3808 3697 3595 3544 3505 3551 3628 3716 3722 3630 3540 3438 3343 3343 3308 3372 3495 3634 3796 3947 3887 3807 3723 3660 3628 3621 3628 3644 3679 3679 3745 3772 3822 3881 3906 3886 3877 3894 3920 3952 3987 3991 3978 4012
2376 2486 2610 2610 2733 2878 3054 3187 3307 3426 3508 3568 3625 3472 3328 3235 3226 3249 3315 3315 3423 3503 3574 3662 3764 3887 4022 4149 4242 4337 4477 4494 4342 4205 4087 4087 3989 3898 3804 3709 3628 3577 3596 3676 3762 3841 3834 3763 3661 3535 3429 3429 3347 3406 3548 3679 3821 3997 4011 3903 3812 3736 3692 3664 3659 3673 3693 3693 3714 3732 3764 3797 3830 3867 3910 3926 3969 3995 4023 4023 4021 4023
2465 2522 2615 2615 2729 2866 3002 3122 3227 3341 3467 3476 3606 3530 3402 3298 3256 3280 3329 3329 3393 3454 3527 3606 3705 3825 3939 4026 4079 4173 4312 4399 4276 4187 4107 4107 4030 3926 3836 3763 3669 3620 3670 3774 3888 3981 3931 3822 3719 3601 3476 3476 3404 3404 3531 3686 3822 3976 4093 4003 3901 3828 3774 3726 3705 3710 3719 3719 3744 3771 3793 3809 3834 3867 3914 3962 4007 4043 4072 4061 4050 4058
2514 2607 2666 2666 2757 2860 2970 3076 3188 3300 3442 3424 3557 3597 3494 3393 3302 3299 3335 3335 3396 3475 3558 3626 3711 3804 3903 3971 4047 4141 4255 4374 4360 4291 4190 4190 4084 4014 3949 3842 3736 3698 3756 3871 3980 4048 3959 3840 3734 3609 3516 3516 3454 3421 3514 3632 3772 3911 4076 4104 4006 3934 3868 3816 3776 3765 3756 3756 3776 3832 3853 3859 3882 3894 3928 3982 4037 4093 4117 4106 4097 4089
2480 2567 2653 2653 2744 2847 2962 3083 3207 3327 3450 3416 3542 3654 3580 3466 3358 3312 3341 3341 3380 3488 3631 3745 3843 3942 4017 4021 4091 4194 4303 4447 4466 4355 4237 4237 4166 4113 4017 3896 3813 3793 3853 4015 4158 4110 3943 3774 3661 3589 3541 3541 3491 3449 3487 3586 3703 3825 3958 4117 4130 4068 3989 3922 3871 3839 3844 3844 3894 3957 3961 3905 3940 3953 4007 4096 4150 4118 4127 4141 4140 4142
2480 2567 2653 2653 2744 2847 2962 3083 3207 3327 3450 3416 3542 3654 3580 3466 3358 3312 3341 3341 3380 3488 3631 3745 3843 3942 4017 4021 4091 4194 4303 4447 4466 4355 4237 4237 4166 4113 4017 3896 3813 3793 3853 4015 4158 4110 3943 3774 3661 3589 3541 3541 3491 3449 3487 3586 3703 3825 3958 4117 4130 4068 3989 3922 3871 3839 3844 3844 3894 3957 3961 3905 3940 3953 4007 4096 4150 4118 4127 4141 4140 4142
2532 2628 2709 2709 2795 2893 3006 3128 3250 3343 3496 3430 3546 3675 3643 3531 3427 3357 3368 3368 3394 3447 3552 3667 3798 3921 3975 3949 3992 4094 4200 4392 4510 4454 4356 4356 4276 4197 4074 3968 3913 3930 3976 4101 4158 4049 3911 3752 3670 3630 3566 3566 3532 3517 3485 3553 3651 3761 3890 4042 4189 4190 4108 4040 3981 3935 3957 3957 4025 4085 4023 3961 3987 4014 4084 4188 4284 4224 4152 4160 4177 4190
2633 2711 2795 2795 2878 2968 3067 3169 3283 3399 3566 3505 3616 3734 3701 3595 3485 3389 3380 3380 3409 3439 3494 3581 3674 3779 3840 3886 3937 4001 4101 4261 4439 4550 4483 4483 4374 4265 4143 4065 4065 4088 4121 4059 3969 3909 3850 3804 3721 3667 3636 3636 3620 3598 3541 3546 3623 3729 3847 3976 4138 4288 4238 4165 4093 4039 4070 4070 4130 4190 4100 4048 4033 4087 4171 4284 4368 4310 4214 4220 4233 4232
2786 2845 2914 2914 2976 3061 3156 3260 3377 3500 3658 3605 3721 3832 3765 3651 3551 3450 3400 3400 3423 3457 3490 3545 3620 3709 3775 3837 3893 3964 4059 4133 4314 4494 4552 4552 4412 4323 4243 4195 4234 4279 4232 4096 3962 3878 3886 3860 3793 3744 3748 3748 3684 3626 3571 3567 3626 3721 3837 3968 4111 4344 4377 4295 4207 4156 4191 4191 4238 4266 4191 4145 4110 4135 4206 4333 4452 4379 4286 4258 4263 4267
2954 2996 3053 3053 3100 3171 3249 3353 3469 3588 3760 3704 3837 3917 3825 3719 3622 3515 3441 3441 3465 3487 3533 3613 3683 3778 3844 3892 3926 3995 4044 4104 4217 4387 4493 4493 4407 4382 4339 4343 4369 4263 4164 4059 3922 3906 3901 3881 3845 3854 3834 3834 3719 3633 3593 3587 3623 3716 3852 3997 4129 4382 4503 4430 4326 4285 4334 4334 4381 4403 4330 4255 4218 4206 4238 4324 4451 4474 4392 4336 4316 4305
