1. mHM/Maipo Basin 5710001/morph/dem.asc
ncols        384
nrows        768
xllcorner    -70.500000000000
yllcorner    -34.500000000000
cellsize     0.001953125000
NODATA_value -9999
[rows 540 to 575 of 768, columns 246 to 327 of 384]
2619 2700 2778 2778 2838 2920 2970 3046 3099 3162 3195 3232 3298 3379 3469 3556 3593 3642 3738 3738 3863 3974 3968 3857 3759 3706 3634 3564 3548 3544 3587 3684 3777 3877 3980 3980 4069 4178 4307 4469 4473 4355 4283 4242 4235 4192 4039 3836 3686 3599 3553 3553 3542 3614 3742 3862 3894 3893 3938 4017 4083 4097 4107 4090 4039 4015 4048 4048 4118 4255 4341 4284 4230 4171 4192 4227 4265 4344 4372 4390 4407 4441
2543 2653 2732 2732 2790 2840 2897 2973 3066 3160 3177 3232 3269 3341 3424 3448 3480 3567 3684 3684 3816 3966 4023 3918 3817 3738 3666 3624 3632 3607 3688 3792 3887 3981 4094 4094 4194 4287 4433 4638 4655 4530 4447 4385 4302 4164 3999 3868 3765 3689 3632 3632 3605 3673 3783 3890 3959 3990 3963 3909 3902 3923 3962 4044 4017 3970 3972 3972 4030 4201 4329 4302 4271 4252 4257 4306 4358 4393 4386 4350 4364 4427
2494 2594 2665 2665 2709 2764 2835 2917 3000 3077 3147 3143 3186 3246 3303 3354 3444 3570 3689 3689 3800 3913 3985 3978 3917 3807 3721 3683 3695 3700 3742 3831 3943 4083 4220 4220 4380 4488 4586 4693 4596 4479 4410 4340 4255 4176 4064 3953 3848 3765 3713 3713 3706 3775 3864 3930 3980 3956 3850 3801 3792 3804 3845 3929 3906 3884 3913 3913 3965 4095 4160 4099 4083 4090 4137 4208 4271 4288 4317 4277 4262 4325
2469 2564 2622 2622 2693 2767 2864 2944 2992 3064 3128 3125 3173 3218 3257 3317 3415 3498 3598 3598 3720 3808 3939 4044 3995 3869 3781 3758 3725 3736 3767 3825 3944 4107 4244 4244 4403 4538 4626 4711 4632 4525 4429 4366 4274 4181 4132 4090 3988 3895 3848 3848 3836 3881 3945 3989 3977 3918 3804 3753 3740 3741 3778 3803 3784 3798 3823 3823 3859 3917 3961 3956 3969 3997 4059 4113 4139 4166 4199 4217 4219 4254
2413 2518 2600 2600 2650 2708 2786 2864 2948 3042 3141 3114 3178 3237 3270 3328 3372 3426 3537 3537 3654 3798 3944 3955 3976 3914 3897 3849 3764 3768 3789 3855 3968 4125 4255 4255 4351 4411 4501 4619 4664 4526 4430 4376 4316 4266 4277 4219 4130 4078 4008 4008 3997 4024 4021 3927 3854 3798 3741 3712 3704 3697 3704 3693 3714 3733 3745 3745 3753 3786 3830 3873 3899 3932 3975 4028 4062 4095 4121 4161 4197 4237
2409 2559 2700 2700 2738 2720 2791 2881 2980 3082 3158 3164 3188 3221 3259 3303 3350 3394 3494 3494 3630 3740 3851 3876 3971 3999 4012 3914 3835 3806 3817 3875 3974 4089 4169 4169 4231 4326 4447 4578 4637 4563 4474 4432 4412 4407 4339 4272 4231 4199 4147 4147 4117 4095 4022 3899 3809 3748 3700 3674 3664 3659 3651 3648 3678 3676 3678 3678 3722 3783 3832 3853 3878 3931 3962 3988 4026 4075 4113 4150 4184 4227
2404 2547 2700 2700 2836 2822 2839 2917 3024 3133 3195 3201 3227 3245 3274 3307 3346 3403 3490 3490 3581 3692 3788 3874 4041 4128 4131 4044 3948 3862 3847 3902 4000 4153 4246 4246 4276 4350 4451 4569 4696 4699 4621 4565 4534 4502 4411 4264 4105 4019 3981 3981 3968 3941 3921 3897 3802 3743 3699 3652 3637 3620 3597 3600 3625 3627 3649 3649 3682 3738 3806 3837 3893 3931 3936 3976 4047 4092 4153 4199 4221 4274
2388 2541 2699 2699 2853 2932 2928 2987 3046 3133 3232 3196 3236 3282 3327 3345 3369 3456 3563 3563 3644 3738 3805 3894 4024 4183 4271 4201 4088 3955 3920 3961 4055 4196 4327 4327 4401 4444 4494 4583 4708 4693 4631 4600 4556 4466 4306 4107 3945 3864 3833 3833 3817 3804 3791 3812 3825 3756 3690 3639 3612 3587 3553 3560 3577 3598 3630 3630 3687 3718 3761 3824 3871 3886 3931 4020 4140 4197 4200 4239 4281 4327
2427 2562 2707 2707 2856 2994 3037 3105 3150 3212 3257 3258 3313 3340 3363 3388 3421 3479 3545 3545 3598 3660 3730 3839 3992 4154 4308 4302 4194 4098 4051 4059 4141 4208 4271 4271 4384 4511 4606 4681 4764 4725 4625 4502 4402 4282 4145 3990 3851 3782 3759 3759 3728 3710 3712 3725 3802 3787 3700 3638 3597 3549 3513 3510 3519 3541 3633 3633 3742 3806 3816 3826 3850 3895 3982 4081 4118 4118 4117 4112 4157 4218
2471 2589 2724 2724 2883 3028 3156 3204 3235 3261 3286 3292 3321 3339 3363 3394 3457 3502 3535 3535 3571 3643 3738 3821 3976 4134 4303 4403 4354 4271 4184 4191 4293 4372 4388 4388 4476 4575 4709 4785 4778 4708 4555 4402 4271 4147 3996 3848 3777 3728 3711 3711 3684 3652 3654 3702 3780 3833 3771 3703 3635 3588 3516 3469 3450 3508 3612 3612 3740 3878 3928 3906 3943 4004 4074 4102 4020 3994 4012 4028 4036 4061
2543 2653 2760 2760 2889 3031 3178 3269 3259 3269 3312 3286 3306 3327 3353 3381 3419 3468 3508 3508 3592 3685 3782 3886 4007 4144 4286 4385 4364 4308 4292 4381 4481 4563 4580 4580 4612 4689 4677 4620 4615 4577 4433 4282 4127 3984 3857 3770 3724 3688 3671 3671 3645 3633 3627 3685 3742 3815 3780 3716 3683 3635 3549 3470 3408 3421 3537 3537 3651 3771 3842 3843 3896 3938 3988 4014 3966 3953 3926 3922 3972 3950
2543 2653 2760 2760 2889 3031 3178 3269 3259 3269 3312 3286 3306 3327 3353 3381 3419 3468 3508 3508 3592 3685 3782 3886 4007 4144 4286 4385 4364 4308 4292 4381 4481 4563 4580 4580 4612 4689 4677 4620 4615 4577 4433 4282 4127 3984 3857 3770 3724 3688 3671 3671 3645 3633 3627 3685 3742 3815 3780 3716 3683 3635 3549 3470 3408 3421 3537 3537 3651 3771 3842 3843 3896 3938 3988 4014 3966 3953 3926 3922 3972 3950
2564 2689 2806 2806 2931 3063 3214 3332 3305 3289 3359 3301 3323 3352 3372 3392 3436 3504 3586 3586 3677 3775 3879 3980 4083 4221 4365 4475 4451 4409 4406 4486 4558 4572 4598 4598 4620 4602 4471 4394 4398 4390 4321 4210 4089 3952 3840 3770 3707 3657 3633 3633 3609 3607 3615 3706 3780 3809 3790 3731 3639 3622 3553 3491 3427 3338 3443 3443 3534 3588 3647 3644 3671 3714 3771 3838 3893 3877 3864 3842 3874 3877
2623 2690 2794 2794 2930 3064 3212 3354 3385 3369 3436 3363 3359 3378 3394 3419 3473 3555 3666 3666 3768 3874 4001 4108 4186 4268 4407 4549 4541 4474 4486 4453 4371 4397 4425 4425 4440 4427 4316 4253 4228 4182 4129 4116 4074 3967 3846 3750 3650 3597 3604 3604 3595 3593 3608 3719 3775 3724 3721 3685 3594 3561 3519 3453 3396 3303 3330 3330 3369 3415 3484 3490 3510 3558 3615 3666 3699 3723 3744 3748 3761 3785
2715 2803 2877 2877 2995 3130 3254 3383 3474 3492 3520 3476 3470 3451 3440 3467 3517 3604 3710 3710 3837 3960 4062 4129 4208 4301 4419 4528 4581 4528 4408 4283 4246 4252 4267 4267 4275 4272 4284 4255 4166 4055 3966 3916 3871 3788 3707 3651 3615 3593 3577 3577 3573 3565 3550 3565 3615 3593 3573 3571 3529 3452 3436 3381 3299 3311 3371 3371 3417 3412 3409 3432 3460 3485 3533 3577 3593 3603 3618 3649 3674 3689
2848 2883 2990 2990 3103 3201 3326 3454 3539 3586 3592 3600 3598 3541 3513 3534 3576 3665 3775 3775 3886 4010 4140 4152 4163 4236 4321 4423 4514 4420 4299 4226 4210 4184 4170 4170 4162 4140 4158 4194 4151 3995 3875 3841 3777 3717 3675 3653 3623 3601 3576 3576 3554 3541 3516 3487 3472 3451 3424 3425 3434 3387 3343 3291 3299 3389 3469 3469 3544 3542 3530 3550 3564 3567 3603 3630 3635 3640 3651 3642 3653 3667
2927 2983 3067 3067 3178 3301 3418 3497 3538 3591 3628 3652 3679 3634 3609 3619 3670 3754 3856 3856 3969 4096 4218 4252 4224 4212 4283 4357 4439 4344 4255 4209 4183 4163 4139 4139 4123 4106 4088 4065 4055 3998 3842 3789 3749 3712 3687 3668 3633 3595 3572 3572 3534 3517 3495 3455 3419 3392 3364 3345 3334 3311 3264 3268 3353 3456 3574 3574 3684 3695 3689 3714 3721 3709 3704 3698 3697 3706 3708 3703 3713 3741
2803 2913 3041 3041 3175 3302 3432 3489 3529 3593 3605 3656 3712 3733 3704 3712 3762 3854 3953 3953 4046 4115 4143 4203 4257 4278 4333 4364 4340 4303 4254 4206 4169 4140 4096 4096 4078 4091 4075 4010 3943 3937 3936 3843 3800 3771 3740 3717 3681 3631 3583 3583 3565 3539 3502 3459 3407 3365 3338 3310 3272 3260 3256 3284 3400 3525 3665 3665 3785 3857 3866 3883 3891 3872 3867 3840 3832 3837 3845 3833 3829 3850
2764 2893 2995 2995 3087 3191 3318 3403 3484 3579 3535 3615 3673 3710 3672 3689 3764 3874 3971 3971 3963 3953 3962 4033 4107 4184 4261 4287 4279 4295 4278 4226 4198 4133 4035 4035 3982 3991 3951 3875 3811 3792 3878 3971 3990 3986 3932 3901 3862 3790 3678 3678 3611 3593 3574 3543 3486 3425 3350 3278 3255 3228 3235 3278 3402 3536 3678 3678 3805 3917 3973 3987 4005 3962 3944 3952 3977 3976 3990 3983 3977 4005
2750 2807 2850 2850 2931 3053 3178 3308 3418 3469 3429 3488 3557 3586 3573 3614 3702 3810 3857 3857 3786 3761 3781 3859 3944 4043 4088 4097 4134 4173 4262 4213 4185 4083 3933 3933 3860 3835 3785 3713 3692 3678 3749 3867 3957 4039 4111 4108 4010 3895 3753 3753 3698 3686 3677 3673 3611 3534 3423 3301 3219 3202 3209 3265 3382 3497 3625 3625 3721 3767 3799 3834 3888 3837 3836 3872 3889 3920 3995 4048 4099 4144
2609 2636 2713 2713 2838 2988 3106 3202 3269 3306 3296 3371 3401 3418 3452 3548 3642 3702 3674 3674 3616 3588 3623 3706 3827 3903 3913 3928 3946 4009 4106 4134 4048 3958 3865 3865 3768 3731 3666 3592 3604 3595 3620 3703 3781 3953 4078 4120 4042 3890 3788 3788 3774 3773 3754 3695 3609 3528 3432 3299 3183 3161 3202 3243 3346 3450 3506 3506 3566 3615 3654 3697 3737 3745 3767 3813 3870 3917 3993 4056 4101 4146
2476 2584 2719 2719 2854 2944 2968 3035 3101 3185 3162 3249 3255 3266 3360 3479 3584 3588 3527 3527 3469 3437 3489 3598 3700 3748 3745 3759 3795 3864 3954 4018 3952 3889 3830 3830 3753 3677 3584 3528 3529 3487 3492 3561 3672 3793 3878 3964 3992 3890 3860 3860 3884 3804 3713 3660 3602 3535 3438 3310 3145 3133 3205 3278 3345 3416 3465 3465 3517 3571 3645 3698 3705 3727 3781 3835 3876 3906 3975 4034 4077 4124
2513 2645 2765 2765 2773 2791 2802 2891 3020 3076 3058 3086 3108 3202 3350 3479 3558 3490 3400 3400 3332 3308 3376 3470 3577 3614 3580 3609 3681 3741 3831 3961 3992 3944 3888 3888 3788 3669 3541 3474 3438 3416 3432 3496 3600 3668 3748 3837 3938 3960 3983 3983 3932 3838 3811 3769 3692 3602 3447 3302 3140 3127 3189 3260 3340 3410 3470 3470 3523 3560 3628 3754 3842 3870 3913 3959 3986 3988 4023 4094 4119 4133
2561 2635 2676 2676 2647 2639 2722 2873 2924 2904 2967 2947 3061 3202 3329 3429 3486 3404 3294 3294 3205 3179 3248 3351 3455 3460 3447 3539 3590 3666 3785 3913 4008 3935 3850 3850 3753 3649 3548 3439 3379 3371 3400 3472 3551 3635 3708 3775 3893 4021 4068 4068 4022 3950 3921 3809 3655 3518 3394 3260 3117 3121 3171 3240 3326 3396 3448 3448 3525 3584 3659 3775 3943 4012 4050 4096 4141 4150 4157 4197 4203 4219
2468 2480 2503 2503 2516 2598 2733 2819 2766 2814 2888 2947 3063 3141 3216 3318 3417 3344 3216 3216 3102 3064 3140 3237 3325 3303 3390 3464 3525 3622 3741 3874 3996 3931 3821 3821 3707 3603 3484 3363 3334 3331 3360 3430 3541 3615 3693 3785 3917 4009 3952 3952 3915 3921 3864 3737 3600 3473 3337 3191 3094 3141 3163 3224 3309 3378 3424 3424 3509 3576 3651 3774 3927 4063 4127 4193 4222 4211 4210 4264 4314 4326
2338 2376 2437 2437 2523 2645 2750 2704 2660 2772 2827 2884 2946 3021 3146 3279 3317 3228 3123 3123 3011 2955 3027 3102 3144 3233 3343 3410 3507 3617 3733 3869 4002 3950 3819 3819 3699 3571 3424 3317 3287 3278 3327 3409 3514 3597 3677 3796 3938 3972 3865 3865 3802 3756 3710 3621 3517 3411 3304 3167 3108 3162 3172 3218 3292 3359 3422 3422 3511 3551 3609 3703 3831 3952 4076 4117 4130 4080 4070 4165 4262 4273
2326 2402 2503 2503 2569 2662 2700 2601 2582 2684 2770 2763 2874 3027 3152 3232 3164 3089 2995 2995 2890 2853 2909 2996 3103 3213 3316 3428 3537 3651 3761 3886 4012 3935 3781 3781 3639 3510 3382 3276 3224 3251 3333 3424 3511 3587 3678 3805 3945 4015 3910 3910 3831 3773 3693 3598 3516 3435 3312 3173 3094 3147 3181 3227 3281 3366 3440 3440 3514 3533 3576 3637 3712 3857 3971 3991 3988 3952 3997 4101 4150 4143
2326 2402 2503 2503 2569 2662 2700 2601 2582 2684 2770 2763 2874 3027 3152 3232 3164 3089 2995 2995 2890 2853 2909 2996 3103 3213 3316 3428 3537 3651 3761 3886 4012 3935 3781 3781 3639 3510 3382 3276 3224 3251 3333 3424 3511 3587 3678 3805 3945 4015 3910 3910 3831 3773 3693 3598 3516 3435 3312 3173 3094 3147 3181 3227 3281 3366 3440 3440 3514 3533 3576 3637 3712 3857 3971 3991 3988 3952 3997 4101 4150 4143
2275 2331 2405 2405 2485 2575 2622 2525 2503 2595 2709 2715 2866 3033 3121 3131 3026 2929 2852 2852 2770 2808 2928 3049 3148 3240 3372 3494 3610 3722 3829 3943 4018 3898 3743 3743 3610 3480 3348 3243 3187 3245 3344 3429 3515 3601 3683 3798 3932 4052 4020 4020 3971 3909 3807 3687 3559 3432 3303 3164 3077 3140 3175 3194 3247 3338 3414 3414 3465 3488 3535 3585 3640 3778 3864 3901 3857 3878 3947 3993 4042 4059
2226 2247 2288 2288 2361 2468 2500 2436 2457 2587 2638 2717 2838 2915 2967 2985 2910 2796 2710 2710 2709 2817 2943 3089 3228 3318 3412 3538 3659 3769 3814 3875 3955 3868 3709 3709 3563 3435 3308 3197 3155 3233 3345 3442 3536 3614 3707 3823 3953 4094 4140 4140 4083 3966 3831 3698 3575 3450 3317 3182 3063 3106 3171 3169 3225 3309 3385 3385 3429 3453 3506 3544 3600 3701 3732 3758 3769 3824 3859 3903 3957 3992
2260 2233 2250 2250 2280 2352 2369 2356 2411 2522 2554 2636 2706 2732 2801 2824 2791 2688 2632 2632 2709 2826 2949 3080 3198 3303 3430 3559 3691 3786 3797 3806 3861 3771 3637 3637 3507 3379 3261 3156 3125 3225 3342 3460 3553 3645 3742 3856 3987 4067 4087 4087 4072 4008 3880 3723 3600 3487 3357 3240 3124 3047 3116 3130 3169 3243 3311 3311 3370 3411 3456 3498 3550 3632 3649 3703 3746 3784 3816 3876 3932 4010
2361 2287 2245 2245 2265 2285 2305 2319 2341 2422 2468 2508 2541 2594 2657 2685 2663 2588 2626 2626 2724 2825 2941 3065 3182 3308 3429 3558 3693 3790 3784 3770 3747 3646 3549 3549 3446 3334 3205 3108 3106 3220 3343 3457 3562 3673 3796 3909 3999 3983 3954 3954 3967 3999 3905 3769 3656 3537 3402 3269 3160 3063 3065 3085 3101 3154 3234 3234 3300 3345 3399 3451 3510 3574 3621 3701 3724 3741 3786 3853 3907 -9999
2466 2386 2310 2310 2261 2269 2289 2308 2323 2349 2402 2395 2432 2501 2518 2556 2545 2547 2643 2643 2743 2833 2943 3061 3169 3303 3439 3557 3680 3781 3739 3667 3655 3562 3446 3446 3354 3264 3150 3064 3088 3206 3328 3446 3567 3694 3814 3944 3944 3891 3840 3840 3861 3878 3826 3776 3701 3575 3447 3319 3199 3080 3025 3054 3085 3132 3195 3195 3256 3307 3366 3421 3496 3544 3597 3657 3679 3708 3737 3773 3817 -9999
2580 2491 2427 2427 2360 2305 2278 2298 2325 2346 2364 2370 2393 2421 2448 2470 2503 2570 2647 2647 2734 2832 2948 3069 3194 3333 3482 3586 3706 3696 3594 3506 3492 3473 3372 3372 3273 3189 3098 3037 3100 3222 3346 3473 3580 3700 3824 3952 3928 3841 3755 3755 3744 3717 3658 3640 3692 3613 3508 3386 3270 3140 3004 3019 3079 3136 3190 3190 3261 3316 3377 3426 3483 3541 3616 3669 3717 3755 3764 3769 3791 -9999
2675 2604 2530 2530 2475 2416 2347 2290 2305 2328 2372 2361 2381 2401 2425 2463 2551 2632 2686 2686 2771 2871 2988 3103 3224 3362 3517 3631 3719 3627 3507 3401 3318 3313 3254 3254 3166 3083 3025 3043 3119 3236 3361 3485 3612 3732 3870 3969 3941 3850 3738 3738 3655 3583 3533 3500 3482 3447 3402 3344 3296 3225 3030 2972 3033 3157 3288 3288 3373 3399 3433 3485 3540 3628 3719 3786 3837 3880 3877 3856 -9999 -9999
2798 2716 2651 2651 2596 2536 2456 2404 2351 2337 2405 2329 2345 2370 2403 2426 2505 2606 2709 2709 2815 2932 3061 3176 3279 3387 3531 3655 3693 3581 3454 3331 3226 3146 3089 3089 3022 2989 3052 3107 3155 3248 3365 3492 3614 3749 3870 3845 3842 3829 3776 3776 3690 3603 3502 3393 3328 3286 3246 3178 3122 3070 2965 2947 3024 3138 3260 3260 3363 3449 3504 3562 3625 3712 3820 3902 3961 3994 -9999 -9999 -9999 -9999
