1. mHM/Maipo Basin 5710001/morph/facc.asc
ncols        384
nrows        768
xllcorner    -70.500000000000
yllcorner    -34.500000000000
cellsize     0.001953125000
NODATA_value -9999
[rows 0 to 73 of 768, columns 192 to 287 of 384]
9 0 1 5 22 6 0 1 34 0 1 8 15 1 320 37 29 3 2 1 0 0 1 1 11 0 1 2 15 155 1 22 9 4 0 3 1 2 4 3 5 2 1 245 4 0 2 4 1 1 104 18 14 2 1 0 85 287 1 0 0 0 6 2 0 3 11 7 4 0 0 0 8 9 10 0 0 0 1 79 0 1 2 0 3 10 15 11 10 9 2 0 0 5 1 0
8 0 4 1 19 5 0 1 31 0 1 5 14 0 272 8 6 20 2 1 0 0 0 1 8 0 1 8 5 154 0 1 19 2 2 2 0 1 3 2 4 1 0 67 167 159 140 133 114 111 5 4 3 2 0 1 86 290 1 0 0 0 11 1 4 12 0 0 0 1 0 0 1 0 2 14 17 0 0 82 1 2 4 0 4 27 3 2 0 3 0 0 0 7 3 0
4 3 0 3 14 4 0 1 28 0 1 2 13 257 13 6 0 5 16 10 1 0 0 0 6 0 1 5 4 9 143 0 11 6 1 1 1 0 2 1 3 0 20 45 6 2 11 0 17 13 9 6 4 0 1 2 87 295 1 0 0 1 15 5 39 16 1 7 5 2 0 0 0 0 0 1 2 18 1 84 5 0 5 1 5 35 2 0 0 0 0 1 1 8 5 5
1 2 2 3 9 3 0 2 24 0 1 5 6 256 2 9 5 1 2 4 7 3 0 0 4 0 1 2 3 8 138 3 10 4 0 0 0 0 1 0 2 0 18 44 5 1 6 3 2 2 0 0 0 0 2 3 88 298 1 0 1 2 22 41 0 21 10 1 0 0 0 1 0 0 0 0 1 5 27 85 7 0 131 122 121 1 0 0 0 0 0 2 2 15 6 4
1 1 2 4 3 2 1 2 20 0 4 0 4 255 1 2 5 4 0 1 3 2 1 0 2 0 1 2 2 4 3 133 2 9 3 2 1 0 0 0 0 0 16 43 4 0 5 2 1 0 0 0 1 1 3 4 89 299 0 0 2 26 45 2 0 9 6 2 0 0 2 3 1 1 1 0 0 1 0 122 134 132 1 0 2 73 0 0 1 1 1 7 0 34 10 4
0 1 1 1 2 1 0 1 19 0 2 0 2 254 0 1 1 2 3 0 0 2 1 0 1 0 1 1 1 1 2 130 1 1 8 1 0 0 0 0 1 0 14 42 1 1 2 1 1 0 0 1 2 4 4 5 90 0 301 4 27 50 3 2 0 1 1 0 0 0 3 7 6 2 3 0 0 0 3 258 0 2 0 0 1 1 71 2 0 4 8 0 44 8 6 3
0 0 0 0 0 0 0 0 17 0 0 0 0 252 0 0 0 0 0 1 0 0 0 0 0 0 0 0 0 0 0 0 128 0 0 5 4 2 0 0 3 12 0 41 0 0 0 0 0 0 0 1 2 17 0 0 98 0 304 393 54 2 1 0 1 0 0 0 0 1 0 1 17 0 8 10 1 3 4 277 12 7 5 3 0 0 0 66 64 63 48 46 0 0 0 0
0 0 0 0 1 3 5 7 16 0 4 5 9 251 227 97 86 30 29 12 6 5 4 0 4 5 7 10 14 21 24 29 127 37 35 3 2 1 0 0 7 1 10 40 24 11 10 6 2 0 0 2 3 22 0 0 0 99 0 394 0 2 1 0 0 0 0 0 0 0 0 0 0 18 0 11 0 4 0 278 0 0 0 68 67 64 60 13 12 11 10 9 7 5 4 1
1 2 0 0 0 0 0 1 5 0 1 2 8 3 128 9 53 0 1 13 4 1 0 1 3 0 1 2 5 1 0 2 45 12 0 30 2 1 0 0 4 0 7 3 6 4 2 1 0 0 0 0 1 10 24 1 1 0 100 1 404 2 1 0 2 1 0 1 1 1 0 1 2 0 20 12 6 0 1 279 2 1 73 3 0 1 2 45 41 37 31 0 0 0 0 0
5 1 1 0 0 0 0 0 3 0 1 4 2 2 127 8 51 0 0 4 7 1 0 0 2 0 1 1 2 0 1 27 16 3 7 21 4 1 0 0 2 3 2 2 5 1 1 1 0 0 2 4 7 0 12 27 2 1 101 0 407 0 0 0 5 0 0 3 2 2 1 2 3 1 21 13 12 3 0 283 0 76 9 8 1 0 1 2 2 4 1 27 2 1 0 0
6 2 2 2 1 0 0 0 1 0 1 1 1 1 126 7 48 1 0 3 4 1 0 0 0 0 0 0 0 0 26 3 11 2 6 4 15 1 0 0 1 2 1 1 1 2 0 0 0 0 0 0 0 0 1 41 3 2 102 0 409 0 1 1 6 1 1 4 3 3 2 7 0 24 14 13 0 0 284 0 1 91 3 1 7 0 0 1 1 3 0 1 21 1 0 0
52 51 6 2 1 1 0 0 0 0 0 0 0 7 117 6 38 8 3 2 1 1 0 0 9 10 11 15 22 25 2 6 3 1 5 3 3 10 4 1 0 1 0 0 0 0 0 0 0 0 0 0 0 0 1 4 46 3 103 0 410 721 719 715 710 701 696 14 4 12 8 0 0 26 592 576 560 555 550 0 97 2 1 0 0 6 0 0 0 2 0 0 15 2 0 0
1 0 40 31 9 6 4 2 0 0 2 4 6 1 114 5 33 3 3 2 1 0 0 1 7 0 2 5 1 1 0 4 2 0 4 2 2 1 2 0 0 0 0 0 0 0 0 2 4 1 1 1 1 0 0 1 52 4 0 516 724 0 0 1 0 1 0 677 670 0 0 0 2 629 0 0 2 2 67 194 95 1 0 0 0 0 4 2 0 1 0 1 10 0 0 0
5 3 2 7 15 9 6 4 0 0 0 0 0 9 103 4 28 3 2 2 1 0 0 1 2 0 2 1 0 0 0 2 1 1 1 1 1 0 1 0 0 0 1 1 2 0 0 0 1 8 12 15 24 27 29 30 55 0 7 1244 0 0 1 0 0 0 0 0 3 655 651 646 636 0 7 0 1 1 1 64 90 1 0 14 1 0 0 0 0 0 0 1 6 0 0 0
7 0 1 6 2 1 1 0 3 0 1 2 8 4 97 3 19 7 2 1 1 0 0 0 0 0 0 0 0 0 0 0 0 0 0 0 0 0 0 1 2 1 2 2 3 2 0 0 0 0 1 5 0 2 3 4 87 0 1255 0 0 2 0 1 0 1 0 0 1 2 2 4 0 3 3 1 0 0 0 63 1 87 16 0 10 2 0 0 0 0 0 1 2 0 0 2
6 6 0 2 2 1 0 0 2 0 1 4 3 94 1 2 12 5 6 1 0 0 0 0 0 0 0 0 1 1 0 0 0 0 0 0 0 0 0 1 180 181 185 193 204 3 2 0 0 0 0 1 0 0 1 2 96 0 1258 0 3 1 2 0 0 4 1 0 0 1 1 2 0 2 0 1 0 0 1 62 0 69 1 0 0 4 3 1 0 1 0 0 0 0 0 0
0 5 5 2 1 1 0 0 1 0 1 2 16 76 0 1 9 1 4 5 0 0 1 3 6 7 9 35 1 2 6 1 1 1 1 3 105 107 109 110 61 0 0 0 0 205 8 4 1 0 0 0 2 3 6 7 105 0 1265 4 2 3 1 1 5 0 2 1 0 0 0 0 0 0 0 0 0 0 1 58 0 0 65 1 0 0 0 1 0 3 0 0 0 1 0 1
0 1 2 1 1 0 0 0 1 0 1 15 51 22 0 0 6 1 0 3 4 0 2 5 19 20 23 5 42 45 46 54 57 62 99 100 0 40 46 51 60 0 0 0 0 0 216 0 0 0 0 0 0 1 0 1 108 0 1282 14 10 5 2 6 0 5 0 0 0 0 0 0 0 0 0 0 0 3 5 8 40 5 4 62 6 4 2 0 1 5 0 0 1 3 1 2
1 0 0 1 0 0 0 1 11 12 14 1 48 15 5 4 3 1 0 2 3 0 1 3 8 1 4 0 2 7 8 9 28 35 4 6 38 4 3 2 7 0 2 3 0 0 0 218 2 1 0 0 0 0 1 2 112 0 1287 2 1 0 0 9 0 6 1 1 0 1 1 1 1 2 2 0 0 0 0 7 33 1 0 3 54 41 1 0 2 8 0 0 2 9 10 2
3 2 1 0 0 0 0 1 4 0 0 3 43 6 7 4 3 2 0 1 2 0 2 1 5 0 3 0 1 1 15 17 5 3 0 30 3 2 1 0 2 0 2 10 1 1 0 220 3 2 1 1 1 0 0 1 115 0 1293 3 2 0 0 12 0 12 2 1 2 0 2 23 18 17 1 0 0 2 5 0 29 1 0 2 1 9 38 24 20 18 0 0 5 7 8 25
7 4 3 2 1 0 0 0 2 0 2 5 36 4 0 1 3 2 1 0 1 1 0 1 2 0 1 0 0 0 13 0 4 2 27 1 2 1 0 0 0 0 0 1 11 4 1 0 225 0 5 2 2 0 1 2 119 120 1417 1 0 0 0 13 14 0 2 36 32 30 26 1 0 8 1 0 0 1 0 1 24 1 0 1 0 8 1 9 0 6 0 0 2 0 1 2
14 1 0 0 1 1 0 0 1 0 1 2 35 0 2 1 0 2 1 0 0 0 0 0 0 0 0 1 2 12 1 3 1 2 23 0 1 0 0 0 0 0 1 11 26 0 5 2 227 0 1 8 3 3 1 0 1 0 1421 1 0 0 0 30 0 4 44 6 5 4 3 2 0 5 2 0 0 0 1 21 2 1 0 0 6 0 0 2 5 4 0 0 0 0 0 0
0 13 12 10 7 4 2 0 0 0 0 0 31 2 1 0 0 0 0 0 0 1 2 3 4 5 6 7 8 0 0 0 0 0 21 0 0 0 1 4 6 7 8 0 1 30 6 7 11 240 242 243 253 258 265 266 269 270 1697 3 2 0 0 35 0 56 5 4 3 2 1 0 0 1 0 0 0 1 2 8 3 2 1 0 4 0 0 0 4 2 0 0 1 2 3 4
0 0 0 0 0 0 0 0 0 0 2 4 30 17 4 3 2 1 0 0 0 0 0 0 0 0 1 3 7 9 10 13 15 17 20 0 0 0 0 0 0 0 1 2 25 57 0 0 1 0 0 1 2 3 4 0 0 0 1701 1 0 0 0 38 0 67 9 8 7 6 5 4 3 2 1 0 0 1 2 7 3 2 1 0 3 2 0 1 3 1 0 0 0 0 0 0
0 1 2 1 1 1 1 1 0 0 0 2 3 2 8 2 0 0 0 0 1 1 2 1 1 0 0 0 1 0 0 0 0 0 0 0 1 3 5 8 14 15 18 21 3 6 68 69 0 3 82 85 0 0 0 5 8 0 1707 3 2 0 0 41 0 74 5 4 3 2 1 0 0 0 0 0 0 0 0 0 0 0 0 0 0 0 0 0 0 0 0 2 4 1 2 1
2 3 2 5 2 2 5 2 0 0 0 0 2 1 2 1 0 0 1 2 2 2 3 4 0 1 0 0 0 0 0 0 0 0 0 0 0 0 0 1 1 1 1 1 0 1 1 2 74 76 1 0 87 89 91 1 11 0 1711 1 0 0 0 118 75 5 4 3 2 1 0 0 1 1 1 1 2 0 0 1 3 1 1 0 2 0 0 0 0 0 0 1 2 8 11 3
16 11 7 0 12 8 1 0 0 1 0 0 0 0 0 0 0 0 2 5 9 6 4 6 0 3 0 0 0 2 2 1 1 1 1 1 1 1 0 0 0 0 0 0 0 0 0 0 0 0 0 0 2 3 4 92 12 0 1714 0 2 0 0 120 6 0 0 0 0 0 0 1 2 2 2 2 3 1 1 2 6 2 1 0 4 1 0 1 1 1 0 1 2 3 4 23
57 53 20 19 5 4 3 2 0 4 0 0 0 0 0 0 0 0 0 1 3 14 12 7 1 5 1 0 0 0 3 3 2 4 2 2 2 3 1 0 0 0 0 0 1 3 4 5 0 0 0 0 0 1 2 98 13 0 1720 3 1 0 0 129 0 2 5 3 0 1 1 6 0 3 3 3 4 2 5 7 9 5 2 0 7 1 0 2 2 2 0 0 2 4 5 40
2 2 31 28 18 15 12 10 8 7 1 0 1 1 1 1 1 1 0 0 0 1 17 21 2 6 2 1 1 0 1 6 11 20 32 36 3 4 3 1 0 2 0 0 0 0 2 3 10 1 2 0 0 1 2 105 14 0 1725 2 0 0 0 132 0 11 1 0 0 25 20 11 10 9 0 4 38 29 22 11 0 0 0 0 10 1 0 6 0 5 0 0 0 0 1 37
1 1 1 3 4 1 1 0 0 0 0 1 2 2 2 2 2 2 1 0 0 0 1 21 50 51 62 2 2 0 1 3 4 7 3 6 37 9 6 0 1 4 1 0 0 0 0 1 2 14 2 4 0 0 1 108 15 0 1729 1 0 1 1 134 12 1 0 0 26 1 0 0 0 0 0 44 0 0 0 0 3 1 0 1 13 1 7 1 0 7 0 0 1 2 3 32
0 0 0 2 2 0 0 0 0 0 2 2 3 3 3 3 3 3 2 2 0 0 0 0 1 1 2 66 3 8 0 0 1 2 1 0 8 38 17 1 2 7 1 1 0 0 0 1 2 3 15 24 0 1 2 3 125 0 1732 0 1 2 2 148 0 4 1 27 2 0 0 0 1 0 2 46 1 0 0 86 81 77 73 29 14 11 2 21 19 18 0 0 2 6 7 23
0 2 1 1 0 0 0 0 1 1 0 6 4 4 4 4 4 4 3 3 2 0 0 0 0 0 1 3 71 72 9 0 1 0 0 1 2 16 56 77 3 8 4 1 1 0 0 0 1 3 8 12 40 44 45 46 130 0 1735 0 5 3 0 149 1 5 28 3 1 0 1 1 2 1 50 101 98 96 94 6 0 1 1 40 37 28 27 2 0 8 0 0 2 0 1 16
5 1 0 0 0 0 1 3 3 2 1 7 5 11 17 5 5 5 4 7 1 1 1 0 0 0 0 0 2 3 77 88 89 0 1 2 3 0 1 2 85 0 14 4 1 1 0 0 0 0 2 1 1 1 2 3 182 0 1737 0 10 1 0 150 2 35 4 2 1 0 2 2 3 2 153 8 7 5 1 0 5 0 0 0 1 7 5 1 0 5 0 0 0 0 6 6
1 0 0 1 0 0 1 2 11 0 6 46 59 63 64 18 6 6 6 13 4 2 1 1 0 0 0 0 0 1 9 12 16 116 0 0 1 2 150 152 86 0 1 20 2 2 1 1 0 0 0 0 0 0 1 2 209 210 212 1963 2 1 0 0 190 0 5 5 1 3 0 3 4 157 11 1 0 0 2 0 0 2 1 0 0 0 0 3 0 3 0 0 1 4 3 1
7 6 4 1 0 0 2 5 28 31 38 3 2 1 2 68 26 0 7 7 19 5 2 1 0 2 0 0 2 6 1 2 8 0 118 129 134 146 0 0 256 257 1 23 0 6 2 3 0 0 0 0 1 2 6 7 14 0 0 3 1973 0 1 1 192 0 6 8 4 1 0 9 0 175 4 3 2 1 0 0 0 0 0 0 0 0 0 1 0 1 0 0 1 1 0 0
6 5 3 1 0 0 1 1 7 1 5 2 1 0 1 2 99 1 8 0 8 29 2 2 0 5 0 0 2 0 1 7 0 5 8 3 9 0 1 5 14 0 259 262 25 7 3 4 2 1 0 0 0 2 1 4 13 0 1 3 8 1986 0 195 1 0 7 9 5 3 10 2 0 179 2 1 0 0 0 0 1 1 2 1 5 3 1 0 0 0 0 0 0 0 0 0
2 0 0 0 0 0 0 1 4 0 4 1 0 0 0 0 1 102 9 1 9 33 19 15 14 13 0 0 0 0 0 5 3 1 2 2 5 0 2 1 5 0 2 5 295 8 0 9 3 3 1 0 0 0 1 1 7 0 2 3 1 6 2196 2 0 9 10 0 6 20 4 0 0 184 3 2 1 0 0 2 2 15 9 6 2 1 0 0 0 0 0 1 2 0 0 2
0 0 0 1 0 0 0 0 2 0 2 0 0 0 0 2 3 109 10 58 44 23 2 1 0 5 1 0 0 2 4 2 0 1 1 1 2 1 0 0 3 0 1 0 1 298 10 10 4 6 1 0 0 0 0 1 2 0 2 0 1 1 1 2216 0 23 1 0 28 4 3 2 0 187 1 0 2 0 1 6 28 11 10 9 5 4 3 1 0 0 1 3 3 1 0 0
11 10 8 5 3 1 0 0 0 0 0 0 1 3 5 6 7 118 119 208 28 3 2 1 0 2 1 0 0 0 0 0 0 0 0 0 0 0 0 1 2 0 0 1 2 3 436 454 0 15 7 3 1 0 0 0 0 0 0 0 0 0 0 16 2242 0 0 1 286 249 248 247 246 245 56 55 51 50 47 39 9 8 7 6 5 4 3 2 0 0 2 9 14 2 3 5
0 0 0 0 0 0 0 0 0 0 1 0 0 0 0 0 0 0 0 209 10 9 8 7 6 5 1 0 0 2 5 9 10 19 21 26 39 40 41 69 114 115 117 119 120 121 21 478 16 0 0 0 0 0 0 1 4 5 7 9 11 13 14 0 2248 2 0 0 402 114 113 112 110 109 103 101 95 0 71 70 69 68 17 10 6 3 2 0 0 0 0 0 15 0 0 0
1 2 1 1 1 1 1 1 0 0 0 2 4 6 8 11 2 0 0 211 64 52 48 1 0 2 1 0 0 0 0 2 7 0 3 8 2 4 26 0 42 0 0 3 10 20 0 0 487 19 0 2 1 0 0 0 0 0 0 0 0 0 1 2 0 2253 0 404 3 2 1 0 0 2 1 0 4 93 9 6 5 0 49 5 2 1 0 0 1 0 2 5 0 17 0 2
2 3 4 2 2 2 2 1 0 1 0 1 0 0 1 14 4 0 1 277 2 1 2 45 43 42 1 0 0 0 1 6 1 2 7 1 3 18 1 0 40 0 2 5 4 3 2 6 0 513 4 0 3 1 0 0 0 0 0 1 0 0 1 3 4 2260 0 414 4 3 2 1 0 0 0 0 1 1 10 1 1 1 0 47 4 1 0 0 3 4 5 6 13 19 39 41
3 4 8 11 7 3 2 1 0 0 2 1 2 1 2 20 1 0 2 283 1 0 0 1 0 39 3 2 0 0 5 0 2 6 0 2 17 0 0 1 39 0 4 3 2 1 2 2 3 0 529 5 0 3 0 1 1 1 0 0 2 1 0 0 1 2264 0 423 7 6 4 1 0 1 0 0 0 0 0 8 0 0 0 0 45 3 2 0 0 0 1 2 3 0 0 0
4 5 21 0 0 3 0 2 1 0 1 3 2 3 3 25 1 0 287 4 3 2 1 0 0 31 2 1 0 0 2 1 0 1 1 16 0 1 2 28 7 3 2 1 0 1 1 4 7 8 5 545 724 733 742 746 750 753 2 0 0 3 2 0 0 2267 0 426 1 0 0 1 0 8 5 3 2 1 0 0 6 2 0 0 0 42 5 2 0 0 2 5 9 13 17 24
8 5 6 23 1 4 1 3 2 1 2 4 3 4 31 0 0 1 317 23 14 9 5 2 0 30 3 2 1 0 0 0 0 0 15 0 1 14 24 3 2 2 1 0 0 0 3 1 1 4 0 1 176 3 6 0 0 0 788 791 0 0 4 4 0 2697 427 41 40 39 38 37 35 34 14 11 8 5 3 1 0 1 0 0 27 6 0 1 0 0 1 2 2 2 5 2
5 15 6 7 26 5 2 4 3 2 3 5 9 32 0 0 1 326 5 1 7 3 2 1 0 19 5 2 0 0 0 1 2 14 5 8 11 5 2 2 1 1 0 0 1 2 0 0 0 0 0 175 2 1 3 17 25 29 0 4 801 804 810 5 0 2752 53 10 9 8 4 1 0 7 1 1 1 1 0 0 0 0 0 1 25 5 1 0 0 0 1 1 1 4 1 0
1 2 16 7 8 33 3 5 4 3 10 10 33 1 0 3 332 4 2 2 0 6 2 1 0 15 2 1 0 0 1 2 10 4 1 1 2 1 1 1 0 0 0 1 2 3 4 0 1 23 174 1 0 2 16 2 3 2 1 0 2 0 0 815 7 2758 4 3 2 1 2 1 0 5 0 0 0 0 0 0 0 0 0 0 2 18 2 1 0 0 0 0 1 1 0 0
0 0 3 21 39 34 4 6 5 27 11 0 34 3 4 335 1 0 0 1 1 0 4 1 0 12 1 1 0 0 3 6 3 0 0 0 0 0 0 0 0 0 0 1 2 3 4 10 20 143 5 0 1 10 4 1 2 1 0 1 0 1 2 0 826 2763 3 2 1 0 0 1 0 4 1 0 0 0 0 2 1 2 0 0 0 5 11 2 1 0 0 0 0 0 1 2
0 2 4 5 6 75 5 13 0 28 1 35 0 9 370 32 1 0 0 0 0 0 1 1 0 10 0 0 0 1 1 2 0 0 0 0 0 0 0 0 1 0 1 2 3 4 5 8 137 4 4 0 6 2 3 0 1 0 0 0 1 2 3 0 0 3598 5 4 3 2 1 0 0 0 0 0 1 2 13 9 6 2 1 0 0 3 4 2 0 0 0 1 0 0 1 2
1 2 3 4 0 83 6 15 0 29 0 38 421 372 0 0 29 4 2 0 0 0 0 0 0 5 3 0 0 0 1 2 3 10 12 2 1 1 1 1 2 0 1 0 1 0 1 114 21 3 3 2 2 1 1 0 0 0 1 2 3 4 5 10 0 3607 6 5 4 3 2 1 0 0 0 0 6 15 0 4 3 2 1 0 0 1 2 0 0 0 1 3 1 0 0 7
3 0 0 1 8 84 7 16 1 0 31 470 0 36 35 34 31 23 9 8 6 4 2 1 0 4 0 1 0 0 1 1 4 2 5 21 27 2 0 4 3 0 3 0 0 3 113 14 5 2 2 1 1 0 0 0 4 5 7 10 11 12 13 14 11 3625 4 3 2 1 0 0 0 2 0 0 24 10 9 3 2 1 0 0 0 0 1 0 1 0 2 9 0 3 5 0
5 4 1 2 3 94 8 17 0 4 506 0 7 6 3 0 1 30 12 10 8 6 2 1 0 2 1 0 0 0 0 1 1 1 1 1 2 31 35 42 4 0 6 7 104 108 13 2 1 1 1 0 0 0 0 1 0 0 1 0 1 2 3 4 20 3651 3 2 1 0 1 1 0 3 1 41 14 2 1 0 0 0 1 1 0 0 0 0 6 7 9 17 32 35 38 41
0 6 5 0 5 95 9 18 0 514 0 1 0 0 0 1 0 28 0 0 0 0 2 1 0 0 0 1 1 0 0 0 0 0 0 0 1 2 3 4 53 0 87 94 2 6 5 1 0 0 0 0 0 1 1 0 0 0 0 1 2 3 4 5 6 3660 0 4 3 2 2 1 0 6 86 43 40 37 34 15 12 10 7 4 2 0 0 0 1 0 3 2 3 1 1 1
1 7 6 0 6 0 106 19 0 518 1 0 3 2 1 0 0 2 24 2 1 0 0 0 0 8 5 2 0 0 0 0 0 0 0 0 1 18 20 23 83 85 5 1 1 3 1 2 0 0 1 2 4 5 13 17 22 23 0 0 1 2 3 35 36 3704 5 1 0 9 5 2 0 94 1 0 1 1 1 17 0 0 0 0 0 1 0 0 0 0 1 1 2 0 0 0
43 52 7 9 17 19 127 0 21 552 10 9 4 3 2 1 0 0 0 20 19 18 16 14 12 11 1 0 0 3 5 7 9 10 12 14 15 0 0 0 4 0 4 0 0 2 0 0 0 0 1 2 3 4 0 0 1 0 25 27 28 29 30 0 1 3707 0 118 115 104 103 102 101 100 2 1 0 0 0 0 16 14 12 10 8 5 3 1 0 0 0 0 0 0 1 2
0 53 0 0 0 0 128 0 0 563 8 7 6 2 1 0 0 0 0 0 0 0 0 0 0 0 0 0 0 0 0 0 0 0 0 0 0 0 1 2 3 0 3 1 0 1 0 0 0 0 0 1 2 3 5 6 15 16 17 18 19 20 30 31 32 36 3865 0 1 0 2 1 0 2 1 0 0 0 0 0 0 0 0 0 0 0 0 0 0 0 0 0 0 0 0 0
2 57 1 1 1 1 129 0 1 567 2 1 0 2 1 0 1 1 1 1 2 6 4 2 0 3 0 0 1 2 1 1 1 1 1 1 1 0 0 0 0 0 0 0 0 0 0 0 1 1 1 0 0 0 0 2 7 0 1 2 6 8 0 1 2 0 6 3874 4 3 2 1 0 8 4 3 1 1 0 1 1 1 2 0 2 1 0 1 1 1 1 1 0 2 1 1
6 0 60 2 2 2 130 0 3 583 1 0 8 7 6 5 2 2 37 34 28 18 14 11 9 8 0 0 1 2 3 2 4 2 2 2 2 1 1 1 1 1 1 2 1 0 0 1 1 4 2 1 1 0 0 0 3 0 1 2 0 0 1 2 3 4 0 3891 7 6 2 1 0 15 5 4 3 0 0 3 2 5 0 4 2 1 2 2 0 2 0 4 1 0 5 2
2 7 1 64 3 3 0 137 642 0 12 11 1 0 0 49 48 44 3 1 1 1 2 1 0 1 0 0 1 2 3 4 8 17 3 3 3 2 2 2 2 2 2 5 1 0 0 1 2 2 8 2 3 0 0 0 1 0 1 2 3 4 5 6 7 8 9 3902 0 22 21 20 19 18 1 0 0 0 0 5 3 7 5 6 2 3 3 2 0 0 4 7 16 19 26 36
4 8 2 65 4 4 0 783 0 56 55 54 53 52 50 9 0 0 0 0 0 0 0 1 0 0 0 0 2 5 9 14 15 16 35 44 4 3 3 3 3 3 3 6 2 1 1 0 2 3 3 12 5 1 0 0 0 0 0 1 2 7 8 9 13 22 23 27 3956 0 2 1 0 1 0 1 1 0 0 7 12 6 7 0 4 10 5 1 0 0 0 0 1 4 2 0
5 9 0 3 66 5 5 791 0 3 2 1 0 12 11 0 7 6 5 4 3 2 1 0 0 0 1 3 8 11 14 18 19 32 36 38 86 110 119 127 164 165 8 7 3 2 2 1 3 4 4 13 8 1 0 1 1 1 0 1 3 0 1 2 7 1 2 8 3975 6 2 1 0 2 2 2 1 0 0 9 20 8 1 20 14 2 1 0 0 1 0 0 1 1 1 0
6 10 0 5 0 67 6 800 0 36 31 30 29 15 14 13 12 10 7 5 4 3 2 1 0 0 1 3 1 1 2 2 11 2 0 1 17 3 2 6 27 0 170 180 189 194 201 204 209 215 5 14 9 2 1 2 2 2 0 0 0 2 4 6 0 2 7 0 0 3978 1 0 0 6 3 2 0 1 1 31 9 2 23 1 0 0 0 1 0 3 1 0 0 0 0 1
179 18 1 0 6 1 68 871 0 40 2 1 0 4 3 1 0 0 0 0 0 0 0 0 0 0 0 0 0 1 1 2 4 1 0 11 4 2 1 5 19 0 1 2 10 15 16 21 26 31 252 260 286 3 2 3 3 4 0 0 0 0 0 0 1 2 3 0 0 3981 0 0 1 11 3 1 0 2 2 32 13 24 0 0 1 1 2 2 0 8 1 0 0 0 0 0
11 199 2 0 1 7 2 876 0 42 0 0 8 2 0 0 0 0 0 1 1 1 1 1 0 1 0 0 0 0 1 0 2 0 3 6 3 1 0 4 18 0 1 2 3 3 3 3 3 3 0 6 8 301 305 4 4 6 1 0 0 0 0 0 1 0 1 0 624 4609 1 0 2 16 2 0 1 3 3 47 25 1 1 2 12 9 5 1 0 9 0 0 2 0 0 0
1 212 3 0 1 2 8 878 0 45 1 12 2 0 0 0 0 1 1 4 2 2 2 1 0 2 1 1 0 0 0 0 0 2 0 4 2 0 3 3 13 0 1 2 2 2 2 2 2 2 5 0 0 0 5 311 5 7 2 1 1 0 1 1 0 0 0 621 1 0 4612 4619 0 20 0 1 2 4 52 26 2 2 3 13 0 0 0 0 0 10 1 1 4 1 0 0
3 215 4 1 0 2 891 70 68 67 15 1 0 0 0 0 2 2 2 8 3 3 2 0 1 3 4 1 1 0 0 0 0 0 2 0 1 2 2 2 9 0 1 1 1 1 1 1 1 1 0 1 2 3 0 371 527 537 544 549 0 0 594 600 603 612 614 2 0 0 0 3 4642 0 1 2 3 5 80 3 3 4 14 1 1 1 1 1 0 11 2 7 2 2 0 0
5 226 5 2 0 5 966 0 0 4 3 1 0 0 1 1 6 13 9 14 9 4 0 1 2 9 2 2 1 1 1 0 0 0 0 0 1 1 1 2 5 0 0 0 0 0 0 0 0 0 0 1 46 49 50 0 148 0 2 21 573 588 0 2 0 6 0 0 0 0 1 93 4744 4748 0 7 6 0 85 4 5 15 2 2 2 2 2 0 1 12 11 3 3 0 0 0
2 230 6 0 3 978 0 1 0 0 0 0 0 1 221 216 208 193 192 176 174 147 146 145 3 17 3 2 2 2 1 1 0 0 0 0 0 0 1 0 3 0 1 2 0 0 0 0 0 1 34 43 1 0 1 125 147 1 0 19 9 0 2 1 5 0 2 3 12 16 92 1 0 49 4808 0 7 1 91 6 16 3 3 3 3 3 0 1 2 25 9 4 1 0 0 1
2 3 238 1 0 981 0 1 0 2 0 1 0 224 5 4 3 2 1 0 0 25 20 17 138 137 14 10 6 2 2 1 1 0 1 0 0 0 0 1 2 0 1 2 3 1 1 1 1 30 2 4 0 2 122 17 2 0 18 2 2 2 1 0 4 0 2 7 2 74 0 2 48 0 2 4821 0 2 92 24 4 4 4 4 4 1 0 5 0 37 0 2 1 0 0 1
3 4 248 2 0 987 3 0 0 4 2 0 247 20 12 9 8 6 2 1 0 2 0 1 16 1 101 11 10 9 5 2 0 1 3 1 0 0 0 0 0 0 1 2 6 11 14 19 27 1 1 1 1 116 1 16 1 0 16 1 1 1 0 0 2 1 1 1 1 73 1 1 42 0 1 3 4830 0 93 25 16 5 5 5 2 0 7 2 0 42 3 0 3 1 0 0
1 2 3 253 257 1512 265 264 262 261 252 250 1 0 0 1 0 0 2 1 0 0 0 0 15 0 68 19 18 17 16 15 14 12 9 2 0 0 2 4 7 0 1 2 3 4 5 6 0 0 0 0 114 0 0 15 0 0 14 0 0 0 0 1 0 0 0 0 71 0 0 0 41 0 0 0 7 4934 0 134 107 89 82 75 71 70 60 56 55 54 10 9 3 0 1 2
1 2 3 0 0 1538 23 22 21 20 19 18 17 16 15 14 13 11 10 5 2 0 0 2 14 5 67 50 35 2 1 0 0 2 1 0 0 0 0 0 8 0 0 0 1 2 60 62 63 64 65 93 113 2 1 14 3 0 13 2 0 0 2 4 20 35 36 46 70 1 0 2 40 0 2 5 3 13 5085 0 0 0 0 0 0 0 1 0 0 0 0 0 0 0 0 0
1 2 3 9 0 1543 2 1 0 0 0 0 0 0 2 1 0 0 1 1 1 0 0 5 4 4 9 3 9 31 28 18 16 7 3 0 0 1 1 1 10 0 1 1 2 56 0 8 12 20 26 3 11 1 0 7 2 3 2 1 0 0 0 14 13 1 8 15 4 0 0 2 33 0 1 2 7 0 12 5101 0 4 1 1 1 2 0 1 0 1 2 2 0 1 1 1
0 1 2 3 14 1562 2 1 0 2 1 1 1 7 3 2 1 0 0 0 0 0 1 2 3 3 8 2 8 1 2 5 4 2 0 0 0 2 5 8 38 39 44 49 52 2 7 2 2 3 4 2 2 7 0 6 1 2 1 0 0 1 13 12 0 5 8 5 2 0 1 2 29 0 1 1 4 11 0 6 5115 0 2 0 5 1 2 1 0 5 4 0 0 0 4 2
