1. mHM/Maipo Basin 5710001/morph/facc.asc
ncols        384
nrows        768
xllcorner    -70.500000000000
yllcorner    -34.500000000000
cellsize     0.001953125000
NODATA_value -9999
[rows 148 to 221 of 768, columns 288 to 383 of 384]
0 0 0 0 0 1 17 34 102 0 166 173 0 0 61 1 0 3 68 3 3 2 0 1 2 1 12 4 15 22 0 0 15 32 9 8 2 1 0 0 5 0 2 2 6 8 20 1 31 8 34 3 2 1 0 2 4 13 1 0 4 4 1 0 1 1 0 0 1 1 2 0 1 0 1 1 1 2 3 10 11 12 13 14 15 130 3 2 1 2 3 0 0 0 0 0
0 1 3 1 3 14 0 1 148 164 1 0 177 180 244 0 2 1 4 69 8 3 1 2 3 2 13 21 23 0 0 18 39 5 3 0 4 2 0 0 7 0 0 4 5 16 21 2 41 35 3 2 1 0 0 3 5 14 3 5 0 5 2 1 2 2 1 0 3 2 3 1 2 0 2 5 8 25 27 28 29 30 31 37 111 1 2 1 0 1 1 0 0 0 0 1
0 2 3 8 9 0 1 2 39 14 0 0 0 0 0 246 248 252 255 261 332 346 358 8 4 68 64 27 2 0 63 61 1 0 0 1 0 0 0 0 9 0 2 3 4 143 92 91 45 8 3 2 1 0 1 6 13 15 20 29 1 47 40 36 33 29 25 22 20 15 11 6 0 0 1 2 15 0 0 1 2 3 4 71 0 0 0 0 0 0 0 0 1 3 5 7
0 0 1 2 6 9 13 34 38 13 8 3 1 2 5 8 9 0 1 0 0 1 359 0 0 69 0 0 0 0 64 7 6 5 4 3 2 1 0 0 1 10 0 1 2 144 0 0 0 4 3 2 1 0 0 0 0 14 0 30 0 48 0 0 0 0 0 0 0 0 0 0 0 0 2 4 11 1 2 4 5 16 51 70 7 3 1 0 0 0 0 0 0 1 2 3
0 0 0 2 1 2 4 14 2 3 3 2 0 1 1 3 6 17 18 21 1 0 2 361 1 71 1 1 0 66 19 10 9 8 7 6 3 1 0 0 3 4 16 17 18 3 146 2 5 0 0 0 0 0 0 1 2 0 16 31 1 50 0 2 0 1 1 2 0 1 2 2 0 0 0 3 1 0 0 0 9 33 3 5 1 0 0 0 1 1 0 2 4 5 156 184
1 0 0 0 1 3 7 5 1 2 2 1 0 0 2 1 1 8 12 16 39 46 0 362 2 74 0 3 67 37 16 13 5 4 3 0 1 0 0 0 0 0 1 2 3 23 150 6 1 3 1 4 2 0 0 1 5 0 18 32 2 52 0 3 3 2 3 0 1 2 8 1 0 0 0 1 0 0 1 7 24 7 2 3 0 0 0 7 84 85 88 89 98 149 14 11
1 0 0 0 2 4 1 4 0 1 1 0 0 1 0 0 5 2 2 2 5 7 411 0 3 76 0 72 40 1 0 1 6 1 0 1 0 0 0 1 2 0 0 1 2 28 0 160 4 0 5 1 0 0 0 1 8 1 19 33 3 54 4 4 3 4 1 2 30 26 14 1 0 2 0 0 0 2 4 17 5 6 1 1 0 0 5 62 9 0 4 7 0 48 13 7
1 1 1 0 1 3 0 2 0 0 0 0 0 1 2 4 1 1 1 1 0 0 13 417 0 77 74 45 3 2 1 0 0 3 2 1 0 0 1 3 5 0 2 0 0 33 0 167 1 6 2 0 0 1 0 3 9 2 20 34 126 66 60 54 49 43 40 36 3 1 1 11 9 8 1 0 0 0 3 12 4 5 0 0 0 3 61 7 0 1 0 1 40 6 12 4
7 4 1 0 0 0 1 0 0 0 0 0 1 0 0 0 0 0 0 1 2 3 0 437 155 75 56 9 8 7 6 5 4 3 2 1 0 0 1 2 16 17 18 22 24 59 0 169 9 0 3 1 1 2 1 4 10 3 350 293 164 72 67 65 63 61 57 2 0 0 0 0 0 0 1 0 0 2 3 7 3 3 0 0 1 60 2 2 0 0 0 14 24 5 11 1
1 0 0 0 0 0 0 0 0 0 2 1 5 1 0 0 0 0 0 0 1 2 3 0 677 81 23 22 20 5 4 3 2 1 0 0 0 0 0 1 2 0 1 2 3 60 0 171 0 11 4 2 2 3 2 410 393 392 4 1 0 90 3 0 0 0 2 53 1 0 0 0 0 0 1 0 0 2 2 3 2 1 0 0 23 35 1 0 0 0 13 14 8 4 8 1
0 1 1 4 2 0 0 0 3 0 1 5 21 28 31 2 1 1 0 0 0 1 2 0 681 2 1 0 0 13 12 11 10 9 8 6 3 0 0 1 2 0 1 2 0 65 1 0 173 0 472 454 449 442 418 2 0 31 1 1 0 1 87 2 1 0 0 0 52 49 43 41 39 38 5 4 0 1 1 2 1 0 2 10 10 34 0 0 10 11 13 2 4 3 5 1
5 2 5 0 0 0 0 2 9 10 12 14 4 5 6 39 43 2 2 1 1 0 0 687 49 10 9 8 7 6 5 4 3 2 1 0 0 0 0 0 3 0 0 0 3 69 0 1 0 653 4 0 2 3 11 3 0 27 0 0 0 0 7 78 3 2 1 0 0 0 3 2 0 28 1 0 2 0 0 1 0 1 6 3 5 32 0 0 7 5 6 1 3 2 3 0
0 6 6 4 2 0 0 0 0 0 0 3 0 2 5 6 11 58 62 66 69 72 74 740 0 37 7 6 5 4 3 2 1 0 0 0 0 0 0 1 5 0 1 1 3 75 0 0 660 2 0 2 1 2 10 0 1 7 18 1 0 0 2 2 73 59 1 0 0 2 1 0 0 2 22 19 7 1 0 0 0 5 1 0 4 30 0 0 5 4 5 0 2 1 1 0
7 10 2 1 0 1 0 0 0 0 0 1 0 1 1 3 1 1 2 3 4 5 823 0 0 28 5 4 3 2 1 0 7 6 4 2 0 0 1 1 8 0 1 2 3 80 0 671 7 4 1 1 0 1 7 1 0 6 1 13 2 0 1 1 2 9 56 37 7 3 2 1 0 1 0 1 10 6 1 0 0 3 0 1 1 28 0 0 3 3 3 0 1 0 0 0
71 0 0 0 0 2 1 2 0 1 0 0 0 0 0 0 0 0 0 0 1 2 829 1 0 21 20 19 18 17 16 15 6 4 2 0 0 0 1 2 11 0 1 2 0 4 758 3 1 1 3 0 0 0 1 4 0 5 0 1 7 0 0 0 1 6 1 17 27 23 16 15 14 13 1 0 0 9 3 1 0 1 0 0 2 14 9 0 1 2 1 0 0 0 0 0
76 4 1 0 1 3 5 2 0 4 0 0 0 1 2 3 4 5 7 9 10 11 844 1 0 17 16 15 14 13 2 1 0 0 0 0 0 1 1 2 15 0 2 8 779 777 11 0 0 0 0 2 1 0 0 2 0 2 1 0 1 4 0 0 1 3 0 11 4 2 5 1 0 10 5 2 1 3 4 0 0 0 0 1 5 7 4 3 0 1 0 0 1 2 4 6
2 82 1 0 2 10 5 1 0 7 1 0 0 0 0 0 1 0 1 2 3 4 852 1 0 18 3 2 1 0 9 3 2 1 0 0 0 1 2 2 19 0 1 792 0 0 1 7 6 5 4 3 2 1 0 0 0 0 0 0 0 0 1 0 0 1 0 4 5 3 1 2 0 3 0 1 0 0 2 3 0 0 2 4 5 0 3 1 0 0 0 0 0 1 2 3
0 3 85 1 3 18 0 0 0 8 1 1 0 0 1 1 0 3 4 5 6 7 863 1 0 30 6 5 4 3 0 4 2 0 0 0 1 1 2 3 27 0 0 796 2 1 0 0 0 0 0 0 0 0 0 0 0 0 0 0 0 0 0 0 0 0 0 2 2 1 2 0 0 1 0 0 0 0 0 1 1 0 0 2 1 1 0 0 0 0 0 1 1 0 1 2
251 252 257 376 25 5 4 2 0 17 5 2 0 0 2 5 8 9 10 11 12 13 916 37 36 35 3 2 1 0 1 0 0 0 0 2 4 9 10 14 43 0 802 798 0 20 19 18 16 14 12 10 8 6 4 2 0 16 14 12 9 7 6 3 1 0 0 0 0 0 0 1 0 10 9 7 5 3 1 0 0 0 0 0 0 0 0 1 3 4 6 8 13 14 15 16
0 0 0 377 0 0 0 0 0 18 0 0 0 0 1 0 0 0 0 1 2 3 923 1 0 7 6 5 4 3 2 1 0 0 0 0 0 0 0 0 0 44 1243 439 437 413 1 0 0 0 0 0 0 0 0 0 0 17 0 0 0 0 0 0 0 0 0 0 0 0 0 0 11 0 0 0 0 0 0 6 5 2 0 1 2 3 4 0 1 0 1 2 3 4 5 6
6 0 1 381 1 2 1 1 0 20 1 1 0 0 0 3 5 7 9 0 0 1 974 47 46 45 5 4 3 2 1 0 0 0 1 1 1 1 1 1 2 1304 0 0 0 0 410 408 405 392 1 1 1 1 1 0 1 18 1 2 0 2 8 6 2 0 0 2 1 1 57 54 40 39 3 1 12 10 8 0 0 1 0 0 1 2 3 9 72 73 74 75 93 94 95 96
2 11 0 0 382 5 4 1 0 23 2 1 1 0 0 0 0 0 1 10 1 0 978 1 0 30 4 3 2 1 0 0 0 2 0 2 2 2 2 4 1340 0 13 12 1 0 0 1 1 8 387 374 3 0 2 1 2 278 256 252 15 11 1 0 1 0 1 5 2 58 1 0 0 11 20 19 5 4 3 2 0 0 0 0 0 1 7 11 47 0 2 16 0 1 5 44
0 2 18 20 411 0 7 1 0 27 2 2 1 0 0 2 4 1 0 2 11 2 984 1 0 24 4 3 2 1 0 0 1 1 3 1 3 3 6 1348 0 30 9 4 9 4 1 0 0 7 4 4 367 358 347 339 335 334 3 2 234 1 0 0 0 0 8 3 64 4 1 0 0 10 9 8 7 6 5 4 3 1 0 0 2 4 2 5 40 0 1 10 0 2 3 33
0 0 2 0 2 421 0 3 0 31 3 2 1 0 0 0 0 6 9 11 3 12 987 1 0 18 3 2 1 0 0 0 1 2 2 4 2 8 1360 1 0 14 4 3 3 3 1 0 2 3 3 3 4 2 6 4 0 50 41 0 1 231 15 13 11 9 4 65 0 0 3 2 0 0 0 7 6 5 4 3 2 1 0 0 0 1 4 0 38 0 1 7 0 2 28 3
0 0 0 0 0 429 5 1 0 36 3 0 3 0 0 1 1 0 0 0 12 30 992 1 0 13 3 2 1 0 0 1 1 2 3 3 1384 1375 2 1 0 9 3 3 2 2 2 0 1 2 2 2 3 1 2 2 2 2 4 39 35 0 214 213 212 211 205 138 136 134 128 124 116 115 12 3 2 1 0 4 3 2 1 0 0 1 1 7 37 0 5 0 1 19 7 2
1 0 0 1 2 0 441 4 0 41 0 1 5 1 0 0 3 6 1 1 3 1029 0 1 0 8 2 1 0 0 0 1 2 2 3 1395 1 0 1 1 0 6 1 2 2 1 1 1 0 1 1 1 2 0 1 1 1 1 1 1 2 34 30 28 23 22 19 13 4 1 0 2 6 99 64 59 54 27 26 19 17 3 2 1 0 0 6 1 26 2 1 0 3 14 6 1
1 0 0 1 2 3 0 449 0 43 0 8 2 1 0 0 0 0 8 2 1038 0 3 2 0 4 1 0 0 0 1 1 5 0 1405 1 0 0 0 0 0 4 0 0 1 1 0 0 0 0 0 0 0 0 0 0 0 0 0 0 1 2 0 1 1 1 1 2 7 1 0 1 5 9 23 3 3 25 0 0 0 12 4 0 0 5 0 1 23 1 0 2 5 7 5 0
0 0 0 0 1 2 3 454 0 44 10 3 2 1 0 0 2 4 5 9 1042 2 1 0 0 1 0 0 0 1 3 2333 2330 2321 912 907 905 3 0 0 0 0 2 1 0 0 0 0 0 0 0 0 0 0 0 0 0 0 0 0 0 0 0 0 0 0 0 1 3 2 0 0 4 1 6 22 2 2 23 1 0 0 5 2 0 4 0 9 12 0 1 4 5 0 4 3
4 2 0 0 1 2 3 8 511 0 15 3 2 1 0 0 0 1 0 17 1050 3 2 1 0 0 0 0 1 3 2773 0 1 0 3 0 0 899 3 1 0 2 1 0 0 0 0 1 1 1 1 1 1 1 1 1 1 1 2 0 0 0 0 0 0 0 0 0 0 1 1 0 2 0 5 13 7 1 1 20 1 0 0 3 0 3 2 5 11 0 3 1 2 3 2 13
1 0 0 0 1 2 3 0 519 21 4 6 2 1 0 0 1 2 5 1071 0 2 1 0 0 1 0 1 3 2779 0 433 429 0 0 1 0 0 892 2 0 3 0 0 1 1 1 2 2 2 4 0 2 2 4 2 0 5 1 0 1 2 0 1 5 2 0 0 0 0 0 0 1 0 3 8 3 6 0 0 17 2 1 1 0 2 1 4 10 2 0 1 2 1 12 3
3 2 0 0 1 2 3 4 0 554 11 3 2 1 2 0 0 0 1080 0 0 1 0 0 0 3 3007 3005 3001 215 0 0 2 428 426 418 0 0 0 886 880 1 0 1 2 2 2 6 3 5 0 1 3 8 3 0 1 6 2 1 5 1 2 70 63 15 8 6 4 2 1 0 0 0 1 3 3 2 5 2 0 12 0 0 0 1 0 3 9 1 0 1 0 11 2 1
2 1 0 0 1 2 3 4 5 562 0 0 7 4 0 0 0 1 1082 0 2 0 0 0 3048 3045 3 0 0 213 2 0 0 1 0 6 417 413 0 0 2 873 2 3 0 3 10 0 4 7 2 4 0 13 1 0 2 7 108 104 95 92 82 1 0 46 5 2 1 0 0 0 0 0 0 0 1 2 1 1 1 2 7 3 0 0 0 1 8 0 0 0 10 1 0 0
2 1 0 0 1 2 3 4 5 570 0 9 2 1 0 0 1 3 4153 3069 3067 3062 3059 3056 4 27 0 2 2 0 205 182 0 0 0 0 4 2 412 0 0 6 861 859 853 850 842 828 824 817 806 800 792 788 771 765 132 131 2 1 0 0 4 8 5 0 45 1 0 1 4 2 0 3 1 0 0 0 0 0 0 0 1 2 1 0 0 0 6 0 2 8 0 0 0 0
2 1 0 0 2 3 6 8 10 582 0 13 1 0 0 0 3 4165 0 0 0 0 0 0 1 1 26 1 1 1 0 18 179 0 2 1 1 1 1 411 0 4 0 0 0 2 1 1 0 1 1 1 1 1 2 626 0 2 7 2 1 0 0 2 1 3 1 44 41 38 2 1 0 4 2 1 0 5 4 3 2 1 0 0 1 0 0 1 5 0 4 0 0 0 1 1
2 1 0 0 0 1 0 0 0 7 606 2 0 0 0 3 4197 0 5 4 3 2 1 0 0 0 25 0 0 0 16 0 2 173 0 0 0 0 0 0 410 0 2 1 0 0 0 0 0 0 0 0 0 0 0 0 625 1 0 3 2 1 0 0 0 0 0 0 1 0 29 28 27 26 17 16 15 8 7 6 5 4 3 2 1 0 0 1 0 3 0 1 3 5 7 10
2 1 0 0 1 2 3 4 5 0 2 615 0 0 1 4204 0 25 15 14 13 9 5 1 0 4 24 2 0 2 15 1 0 8 159 144 143 133 5 2 0 409 66 62 61 60 42 1 0 0 0 11 13 14 33 35 46 577 100 99 98 97 96 95 94 68 59 58 53 48 2 1 0 1 0 0 1 0 0 0 0 0 0 0 0 0 0 1 2 0 1 2 0 0 0 0
2 1 0 0 0 0 0 0 0 0 0 620 4 3 4207 0 0 0 7 6 4 2 2 2 0 3 1 13 0 1 11 0 2 3 11 0 2 5 126 1 0 284 56 2 1 0 16 39 23 1 8 0 0 13 3 0 9 1 473 20 2 1 0 0 0 23 7 1 1 3 44 43 42 41 11 9 6 5 3 1 1 1 5 3 1 0 0 0 0 0 0 1 5 7 9 11
2 1 0 0 2 4 1 1 2 0 1 0 4836 4209 0 0 0 3 2 1 0 3 1 1 0 2 0 9 2 0 9 0 1 2 5 4 1 4 112 12 0 283 11 43 18 8 0 15 14 19 0 7 2 9 2 3 4 0 174 276 16 3 2 0 2 3 18 6 0 0 2 1 0 26 7 6 5 4 3 2 2 6 0 0 1 0 1 1 1 1 0 0 1 2 3 4
2 1 0 0 0 1 7 10 16 17 18 19 0 4838 0 1 7 2 1 0 0 0 1 0 0 0 0 1 6 1 0 7 0 1 4 3 0 3 111 10 0 282 10 18 4 8 6 13 0 13 18 6 1 8 1 2 3 168 4 1 273 11 5 4 0 1 2 17 5 4 3 2 0 17 8 5 3 1 0 3 7 1 1 2 0 1 2 2 2 2 0 1 2 3 5 7
0 0 2 0 0 1 2 3 4 0 1 0 4885 24 0 18 7 6 4 3 2 1 0 0 0 0 0 0 3 1 0 5 0 0 3 2 0 1 110 8 0 281 9 9 7 3 7 5 12 12 17 5 0 7 0 1 2 167 3 0 1 270 4 3 2 1 0 1 16 8 4 1 0 5 1 1 0 0 4 14 5 2 3 1 0 2 3 3 3 0 4 0 0 0 0 0
1 5 1 0 0 0 0 0 5 0 0 3 5057 0 22 2 1 0 0 0 0 0 0 1 0 4 1 0 0 1 0 1 2 0 1 1 0 24 84 2 4 272 7 8 8 6 2 6 4 11 11 16 4 4 1 0 1 166 2 0 1 7 259 174 1 0 0 0 1 4 2 1 0 2 1 0 0 5 17 1 0 4 0 2 1 3 4 4 4 0 1 5 1 1 0 0
7 0 0 0 0 1 1 3 11 0 3 5064 0 169 168 167 165 159 3 1 0 2 2 1 0 5 0 0 0 0 0 0 1 0 0 0 1 21 83 1 3 261 9 6 7 7 5 1 5 3 10 10 15 3 3 0 0 165 1 0 3 2 3 79 171 168 10 0 0 1 1 1 0 0 0 0 6 18 0 0 5 0 1 3 2 4 5 5 5 0 1 2 9 2 2 1
0 1 1 0 0 1 2 0 0 12 5071 0 0 3 2 1 0 4 154 151 146 131 126 2 0 16 8 6 4 2 1 0 0 0 1 2 9 10 82 0 2 259 0 8 5 6 6 4 0 4 2 9 9 14 2 2 0 164 0 1 0 1 2 65 12 1 156 8 1 0 0 0 0 0 0 7 19 1 1 6 1 0 2 4 3 5 6 6 6 0 1 4 0 10 14 3
2 2 0 1 0 1 2 3 6 5102 0 0 4 4 3 2 0 3 1 2 7 2 0 120 103 102 6 5 4 3 2 1 0 0 1 5 7 1 80 0 1 242 15 0 6 4 5 5 3 0 2 1 8 8 13 1 0 163 0 0 0 1 18 14 30 11 0 155 5 3 2 1 0 2 8 20 2 2 7 0 2 1 3 5 4 6 7 7 7 1 0 1 5 1 0 15
3 1 0 0 2 1 2 3 5457 0 15 14 8 2 1 0 1 2 0 1 2 3 1 14 0 77 33 4 3 2 1 0 0 0 2 3 2 0 77 1 0 241 4 9 3 1 3 4 4 2 1 0 3 3 7 12 0 161 1 0 0 10 6 13 1 27 10 153 0 0 0 0 0 12 0 24 3 8 0 1 3 2 4 6 5 7 8 8 8 2 0 0 3 10 13 15
2 1 0 1 0 3 5 5464 0 345 5 4 3 2 1 0 0 0 1 0 1 2 0 12 0 41 0 27 17 12 8 2 0 0 0 1 1 4 69 1 0 240 1 1 8 2 0 2 3 3 1 0 2 2 6 6 4 154 3 0 1 7 5 1 10 0 26 9 152 3 1 1 0 13 1 25 4 10 2 0 7 0 5 7 6 8 9 9 9 3 1 0 1 2 3 4
2 0 1 2 0 5 5474 1 0 338 297 296 292 3 2 1 2 1 0 0 0 1 0 9 0 36 3 4 3 3 2 4 2 0 0 0 2 0 61 6 0 239 0 0 0 7 1 0 1 2 2 0 1 1 5 5 3 3 149 1 0 6 4 0 4 4 2 22 8 147 139 135 91 90 26 0 5 11 3 9 1 6 0 8 7 9 10 10 10 4 2 0 1 3 5 7
3 1 2 0 4 5486 0 0 0 39 2 0 2 287 12 8 4 3 2 1 0 0 0 2 4 33 1 2 3 2 2 1 0 0 0 1 0 11 48 4 0 209 27 25 1 0 6 1 0 0 1 1 0 0 4 4 2 2 143 4 0 4 0 3 3 3 1 21 3 3 6 0 41 6 39 34 12 4 0 12 0 8 9 0 8 10 11 11 11 5 3 0 0 0 0 1
4 2 0 5505 5495 0 3 2 0 32 2 0 1 1 271 2 1 0 0 0 1 0 0 0 3 26 5 0 1 2 1 1 0 0 1 4 9 2 44 2 0 205 2 0 22 17 0 3 2 1 0 0 0 0 2 3 1 1 142 1 1 2 0 2 2 2 0 20 2 2 1 3 40 2 2 2 14 1 0 13 1 9 10 1 9 11 12 12 12 6 4 1 0 0 0 0
5600 5517 5512 3 0 6 3 1 0 29 1 1 0 0 1 268 2 1 1 3 0 1 0 0 1 1 23 4 0 0 1 0 0 0 1 3 1 2 39 0 1 202 1 1 2 0 15 13 11 3 2 1 0 0 0 2 0 0 141 0 0 0 0 1 1 1 17 1 1 1 0 2 39 1 1 1 1 4 2 14 2 10 11 2 10 12 13 13 13 7 5 2 1 1 0 0
76 0 0 0 0 0 0 0 0 27 0 0 0 0 0 0 262 14 11 6 5 2 1 0 0 0 21 0 2 1 0 0 0 1 2 0 0 0 37 0 0 200 0 0 0 1 0 0 0 6 5 4 3 2 1 0 1 0 140 3 2 1 0 0 0 0 16 0 0 0 0 0 38 0 0 0 0 0 0 0 16 31 44 45 60 74 119 29 14 15 6 3 6 7 10 12
75 63 56 49 42 13 5 2 0 26 5 2 0 0 1 58 246 22 5 4 3 2 1 0 0 3 20 14 8 2 1 0 0 1 2 12 20 24 36 7 0 199 101 92 64 23 21 19 17 3 2 1 0 4 2 0 0 0 134 113 112 1 0 0 2 5 15 6 2 0 2 7 37 1 4 9 13 14 17 19 21 22 0 0 0 0 120 0 16 0 0 0 0 0 0 0
10 5 5 5 27 3 2 1 0 17 1 1 0 0 1 53 1 161 15 13 11 8 3 2 0 2 0 1 2 4 2 0 0 2 8 3 2 2 2 1 3 94 1 7 26 39 0 0 0 12 11 10 9 1 0 0 0 0 18 1 109 15 0 0 0 1 1 2 1 0 3 1 26 0 1 3 2 1 0 0 0 1 25 1 1 1 122 18 0 2 0 1 1 0 1 1
7 4 4 4 22 3 2 1 0 14 1 0 0 0 48 3 0 1 158 0 0 1 3 1 0 1 0 0 0 0 0 0 0 0 3 2 1 1 1 0 2 88 4 0 6 25 38 11 8 7 5 3 1 1 0 0 6 15 1 0 90 1 13 2 0 0 0 1 0 2 0 1 23 0 2 1 0 1 3 4 5 0 0 26 2 2 2 142 1 3 1 4 1 0 0 2
2 3 3 3 17 3 2 1 0 11 1 0 0 2 43 1 0 0 154 2 1 0 0 0 0 0 0 0 0 0 0 0 0 0 1 1 0 0 0 0 0 0 86 3 1 5 24 25 1 0 0 0 0 0 0 1 1 2 1 0 62 26 0 9 2 1 0 0 0 0 0 4 22 1 0 0 0 0 0 1 2 9 11 1 27 3 3 146 2 4 2 5 3 1 0 0
1 2 2 2 12 3 2 1 0 8 1 0 0 2 36 2 0 0 2 149 1 0 0 1 0 1 1 2 1 1 1 1 0 0 0 0 0 0 1 0 40 48 31 4 0 0 4 23 24 23 2 1 0 0 0 0 0 0 0 0 57 3 25 7 5 2 1 0 0 1 3 2 13 0 1 3 6 7 0 0 1 3 4 12 2 31 8 0 150 5 3 6 6 1 1 1
0 1 1 1 2 8 2 1 0 6 0 0 1 10 21 2 1 0 0 8 137 123 5 2 0 11 6 2 5 2 2 1 1 0 0 0 1 3 4 34 3 6 10 19 3 2 1 3 22 18 19 18 17 15 13 12 11 10 2 1 56 2 2 13 6 1 0 0 0 0 1 1 10 0 0 0 3 11 31 33 0 0 0 5 19 20 53 63 152 6 4 7 9 2 2 1
0 0 0 0 1 4 2 1 0 4 0 0 1 7 17 2 1 0 0 6 5 6 115 103 0 13 0 6 10 9 5 2 1 1 0 0 1 2 19 6 2 5 2 6 18 14 0 0 2 2 17 14 11 8 5 2 0 6 3 1 0 55 1 1 12 5 4 2 0 0 0 1 7 0 1 2 6 10 2 6 41 0 1 1 0 0 1 0 217 0 12 8 13 3 2 1
0 0 0 0 0 0 2 1 0 2 0 0 4 1 11 4 1 0 0 4 4 2 2 10 101 100 39 30 17 1 0 8 5 2 0 0 1 11 3 5 1 4 1 2 2 2 12 6 3 1 1 1 1 1 1 1 0 0 0 0 0 39 14 0 0 11 10 9 1 0 0 0 6 0 2 5 9 1 2 0 0 42 1 2 3 0 0 2 219 1 13 9 18 3 2 0
1 1 1 0 0 0 0 0 0 0 0 0 2 0 7 2 3 0 0 2 3 1 1 3 5 4 40 0 0 14 13 3 2 1 0 0 2 5 2 4 0 3 0 1 1 1 2 1 1 2 0 0 0 0 0 0 0 17 16 15 7 1 38 13 12 11 10 9 6 1 0 0 3 0 1 8 0 1 0 0 1 1 43 2 3 4 1 1 225 0 16 10 23 3 1 0
2 2 1 5 3 1 0 0 0 0 0 0 0 0 2 2 1 2 0 1 2 0 0 2 4 3 3 35 20 16 12 3 2 1 0 0 2 1 1 2 0 1 0 0 0 0 0 0 0 0 1 0 0 0 0 0 0 18 0 0 6 4 0 37 25 7 4 1 8 3 0 0 1 0 3 3 0 0 1 3 5 8 2 44 3 4 10 13 248 249 251 28 24 6 1 0
3 2 9 2 1 0 1 1 0 2 0 0 0 0 0 0 0 0 0 0 0 0 1 0 2 2 2 7 5 2 2 7 4 1 0 0 0 0 0 0 0 0 0 0 0 0 0 0 0 0 0 1 0 1 61 58 56 55 2 0 0 5 3 0 9 16 1 1 0 7 1 0 0 0 1 2 0 1 2 3 4 5 15 19 45 4 5 6 7 0 2 255 54 7 3 11
16 12 1 0 0 2 2 1 0 4 1 1 0 0 0 0 0 0 0 0 0 0 0 0 0 1 1 2 3 4 1 1 1 1 0 0 0 0 0 0 0 0 0 2 1 1 2 3 1 1 0 6 2 62 3 2 0 31 2 1 0 1 4 2 1 8 15 0 0 0 5 1 0 0 1 2 5 7 8 9 10 11 12 13 34 81 82 0 0 0 0 1 311 8 16 7
0 0 0 1 3 3 2 1 0 7 2 1 0 1 2 1 1 1 1 0 0 2 0 0 0 0 0 1 2 1 1 0 0 0 0 1 2 1 0 0 2 1 1 3 4 3 4 0 2 1 7 0 70 6 1 0 0 1 25 20 15 0 0 3 1 0 7 14 7 3 0 2 0 0 1 1 0 0 1 0 0 1 2 3 16 17 18 83 2 0 0 1 4 321 25 4
96 94 93 9 4 3 2 1 0 11 2 0 3 3 2 11 8 5 2 0 0 4 2 1 0 0 0 0 0 0 0 0 0 0 1 5 2 0 0 2 3 2 2 9 4 11 5 3 2 8 1 71 7 6 1 0 0 0 0 2 2 11 8 2 0 0 1 4 5 2 1 0 0 0 0 0 1 2 3 6 8 9 10 11 21 24 27 47 135 0 2 0 0 327 34 2
1 0 0 79 77 70 65 2 0 53 37 35 30 24 19 5 3 1 0 0 0 6 3 3 0 3 0 0 0 0 0 0 0 2 8 3 0 0 1 4 4 3 38 24 18 5 4 3 107 97 94 21 12 10 3 2 0 3 2 1 1 1 1 4 1 0 0 1 1 4 1 0 0 0 0 1 2 3 10 12 13 16 18 20 1 1 1 3 142 143 145 151 481 0 35 3
0 2 0 0 0 0 0 59 58 57 2 1 0 0 0 0 0 0 0 4 1 7 37 24 18 17 12 11 9 7 5 3 1 3 20 2 0 0 4 16 0 162 118 117 116 115 114 113 4 3 2 1 0 0 9 8 7 6 1 0 0 0 0 0 3 2 1 0 0 0 3 2 0 1 2 3 4 5 0 0 1 0 0 0 0 0 0 0 0 0 0 0 42 562 0 26
3779 0 0 0 40 39 37 35 30 29 21 12 10 8 6 3 1 0 0 5 0 0 38 0 0 0 0 0 0 0 0 0 0 0 21 0 0 0 0 17 163 0 3 2 1 0 0 63 62 61 60 59 58 57 56 55 54 53 33 32 31 23 21 19 3 2 1 0 0 6 5 3 0 1 2 4 6 8 9 10 14 16 18 21 23 24 26 29 36 37 39 40 0 4 591 0
2 3771 1 41 0 0 0 1 1 2 3 7 0 0 0 1 0 0 0 1 7 40 1 1 0 2 0 1 1 2 1 0 1 1 23 0 0 1 2 182 0 5 72 71 70 69 67 2 1 0 0 0 0 10 9 4 0 18 9 5 3 6 0 0 14 13 12 11 9 1 0 0 1 0 0 0 0 0 1 2 0 0 0 0 0 0 1 1 3 0 0 1 2 0 606 2
0 3767 44 1 0 0 0 0 0 0 0 2 6 4 2 0 0 0 2 1 10 43 2 1 0 3 1 2 5 2 1 2 0 26 2 0 0 4 3 184 0 79 3 2 1 0 0 0 0 1 1 1 11 0 1 1 2 4 2 2 0 2 5 3 1 0 0 0 0 0 0 0 0 0 0 0 0 0 0 0 0 0 0 0 0 0 0 0 1 0 1 5 6 7 0 613
0 3721 0 3 1 1 0 0 0 0 0 0 0 0 0 0 0 0 1 5 13 44 3 2 1 4 2 9 3 2 3 1 0 32 1 0 0 5 189 1 0 84 0 0 0 1 1 1 2 5 2 12 3 1 0 0 1 1 1 1 1 1 0 0 0 0 0 2 2 1 1 0 0 0 1 2 1 1 0 1 1 1 1 1 3 5 0 0 0 0 2 1 2 3 4 0
0 2 3715 0 2 1 1 1 0 2 0 0 0 0 0 0 0 1 2 3 20 45 4 5 0 8 70 59 53 45 40 37 35 1 0 0 0 8 190 4 0 88 1 0 3 2 2 3 6 14 13 6 1 0 0 0 0 0 0 0 0 0 0 0 0 1 2 3 3 2 2 1 1 0 1 5 2 2 1 0 2 2 4 0 0 0 6 2 0 0 0 0 1 2 3 4
0 0 3 3705 2 2 2 1 0 4 0 2 1 1 1 1 0 0 0 1 4 67 5 7 0 82 1 0 0 3 2 1 0 0 0 0 1 9 196 1 0 89 1 4 12 8 4 7 27 11 10 2 1 0 0 1 0 0 0 0 0 0 0 1 1 3 3 4 4 3 3 2 2 0 1 8 3 3 2 1 0 3 8 1 1 0 1 7 4 0 0 0 0 1 2 3
94 1 0 3690 7 3 2 1 0 6 3 2 2 2 2 1 0 0 1 2 10 68 14 1 0 84 0 0 0 0 0 0 0 1 1 0 1 12 199 0 0 98 5 13 0 0 8 33 4 3 2 1 0 0 1 2 1 2 1 1 0 0 2 1 4 7 4 9 5 4 7 0 3 0 1 2 13 4 5 0 0 1 4 11 2 1 0 10 5 1 0 1 1 0 1 2
