1. mHM/Maipo Basin 5710001/morph/facc.asc
ncols        384
nrows        768
xllcorner    -70.500000000000
yllcorner    -34.500000000000
cellsize     0.001953125000
NODATA_value -9999
[rows 444 to 517 of 768, columns 96 to 191 of 384]
2 1 0 1 28 0 0 1 3 1 5 7 1 0 1 1 1 2 3 0 0 1 0 3 8 0 0 43 53 1 0 0 0 0 1 2 86 0 0 7 0 3 1 2 1 2 0 0 0 0 3 6 17 21 23 25 30 0 1 0 37216 4 3 2 1 0 0 0 239 238 233 231 227 226 0 0 0 0 0 0 0 0 0 0 1 0 1 0 1 1 7 1 0 0 0 0
5 1 2 29 0 1 1 2 26 21 12 3 1 0 0 0 0 1 1 0 0 1 2 0 6 0 2 1 3 59 64 66 1 0 0 0 91 1 1 8 1 4 2 3 2 4 1 0 0 1 1 0 0 0 1 2 34 0 0 37203 6 3 1 0 0 1 1 244 3 2 3 0 1 222 150 145 1 1 2 0 0 40 38 36 33 31 27 23 19 18 3 1 0 0 0 0
7 4 0 34 2 2 3 27 0 0 1 0 0 1 0 0 0 0 0 0 1 2 3 4 5 0 0 0 0 0 39 41 110 113 177 182 186 284 287 297 312 318 3 4 3 5 3 0 0 0 0 1 2 3 4 5 41 0 2 37198 0 1 0 0 1 258 253 6 4 2 1 2 0 70 0 1 141 129 45 44 42 0 2 1 0 0 0 1 0 2 0 0 0 2 0 0
0 0 46 10 9 5 0 37 7 6 0 0 2 0 4 2 0 0 0 0 0 1 0 0 0 0 0 0 1 38 0 0 0 61 2 2 0 1 2 7 11 0 325 331 4 10 0 1 1 0 0 1 2 3 4 5 48 0 37194 0 1 0 0 318 314 51 0 0 0 0 1 0 1 67 1 0 2 5 79 59 58 54 2 1 0 0 1 0 0 0 0 0 7 2 0 0
49 47 0 0 1 0 40 1 0 0 0 1 10 5 0 0 0 0 1 3 8 12 17 19 26 27 29 33 35 0 29 34 55 3 1 1 0 1 1 1 2 0 1 3 332 16 1 4 1 0 0 0 0 1 2 3 61 62 37188 2 1 0 322 1 0 1 49 42 2 1 0 0 0 63 2 0 1 4 15 2 0 1 47 7 6 4 1 0 0 0 0 9 0 0 0 1
2 1 1 2 0 41 0 0 0 0 2 11 0 1 0 2 2 0 0 2 2 1 0 2 0 0 1 0 0 27 3 0 18 2 0 0 0 0 0 0 0 0 0 0 340 489 495 502 506 0 0 1 3 4 5 6 7 0 37121 0 325 324 0 0 0 0 3 1 38 16 0 0 0 62 0 1 0 3 11 2 1 0 1 36 10 9 3 2 0 2 3 16 1 0 1 5
328 2 3 1 42 1 1 0 1 1 15 0 1 2 4 5 1 0 0 0 0 0 0 0 7 8 10 22 25 1 0 6 10 0 0 0 1 2 3 0 0 0 0 0 0 130 2 0 1 511 0 0 0 1 2 3 4 0 37118 341 14 12 3 2 1 0 2 0 1 18 14 2 0 60 1 0 0 2 1 8 1 0 0 17 6 2 4 2 0 0 0 1 19 1 2 6
0 329 9 43 2 0 3 0 2 18 1 2 0 8 6 1 0 0 0 0 0 0 0 1 3 0 6 3 1 0 5 4 3 0 0 0 0 0 1 6 9 0 116 127 129 0 0 0 0 45 560 0 0 0 0 1 7 0 36774 18 17 0 7 6 5 4 3 1 0 17 1 7 0 57 2 1 0 1 0 5 1 0 0 6 8 2 1 0 0 0 0 0 2 20 5 7
7 8 330 57 1 4 1 3 0 25 3 1 0 22 5 2 1 0 0 2 1 1 0 0 1 1 3 2 0 4 1 1 1 0 0 2 4 6 7 8 112 113 6 1 0 0 1 2 42 0 2 566 0 0 1 0 8 0 36753 1 0 16 13 4 3 2 1 2 0 16 0 2 2 39 13 2 1 0 0 2 1 0 0 4 5 1 1 0 0 0 1 1 1 3 27 8
1 1 12 402 7 2 4 1 0 31 4 1 29 5 4 3 2 0 0 4 2 3 1 0 0 0 2 1 1 1 0 0 0 0 0 1 2 3 4 90 1 3 1 0 0 1 5 36 1 0 0 3 573 576 580 583 594 595 36749 2 1 0 1 7 2 1 0 0 1 14 0 1 1 35 2 9 7 2 1 0 1 0 1 1 1 2 0 0 1 0 2 5 2 6 28 9
0 0 0 1 422 5 5 2 0 70 37 36 5 4 3 2 1 0 0 2 21 5 2 1 0 0 0 0 0 0 0 1 2 3 5 6 7 8 9 74 0 2 0 0 1 2 28 0 0 0 1 0 0 0 0 0 0 0 36149 3 2 1 0 0 3 2 1 0 0 12 0 0 0 34 0 0 0 3 2 1 0 0 0 0 0 0 0 0 3 4 5 6 13 17 54 10
21 24 27 30 455 6 0 0 0 71 0 0 0 0 0 0 0 0 0 0 26 3 2 1 0 0 1 0 0 0 0 0 0 0 0 0 1 54 60 73 9 1 0 1 2 18 27 1 0 1 2 15 16 23 24 25 26 0 36143 13 12 11 10 9 8 3 2 1 0 11 8 4 2 33 25 24 17 13 9 3 2 1 0 0 1 0 0 0 0 0 1 2 3 4 55 0
1 1 1 0 0 486 2 1 0 73 1 0 1 2 1 1 0 0 2 28 15 14 12 10 8 7 1 0 0 2 4 6 8 1 1 44 51 2 1 1 8 0 0 1 14 3 1 0 0 1 11 2 5 0 1 2 103 104 36127 5 4 3 2 1 0 3 2 1 0 1 2 0 1 1 4 0 4 2 2 4 2 0 0 0 0 2 5 2 0 0 0 0 1 2 64 201
0 0 0 1 21 2 524 529 0 74 2 3 3 2 2 0 1 1 3 47 1 0 0 0 0 0 0 0 0 0 0 1 2 12 40 2 2 1 0 0 7 0 3 8 2 2 0 1 4 8 1 1 0 1 2 3 72 0 36015 4 3 2 1 0 0 3 2 1 0 0 0 0 0 0 1 1 0 2 1 1 0 0 0 2 1 0 0 10 1 1 0 1 0 0 268 4
4 5 16 18 1 1 28 15 622 0 7 4 3 3 0 1 2 6 51 2 1 0 0 0 0 0 0 0 1 4 0 0 1 22 1 1 1 0 0 3 6 1 1 1 1 1 0 1 2 0 0 0 1 2 3 4 67 0 36008 14 13 12 11 10 8 3 2 1 0 0 0 0 0 0 0 0 0 0 0 0 0 0 1 3 5 1 0 0 13 0 2 1 2 1 278 3
6 9 0 0 0 27 9 4 30 656 668 678 4 0 1 2 10 52 0 0 0 1 0 1 1 2 0 0 3 5 11 14 17 1 0 0 0 0 1 0 0 0 0 0 0 0 0 1 0 1 2 0 0 1 2 3 61 0 35991 8 7 6 5 4 3 2 1 0 1 1 1 2 0 2 0 0 0 0 1 0 0 0 1 3 8 17 1 0 15 0 1 3 2 8 284 4
0 0 0 20 26 8 3 1 27 1 2 0 697 0 2 3 64 1 1 1 2 1 0 4 0 4 0 0 0 0 0 0 0 0 0 0 0 0 0 0 0 0 0 0 0 0 0 0 1 2 3 7 9 10 11 12 43 0 35980 2 1 0 0 0 0 0 0 0 4 2 4 0 0 4 1 1 1 4 1 0 1 0 0 1 3 4 18 3 16 0 1 2 4 300 5 4
1 2 18 4 7 2 0 1 24 0 1 10 0 705 717 722 67 2 2 3 2 0 1 6 0 6 1 0 0 0 0 0 0 0 1 0 1 4 0 1 2 0 2 1 1 1 0 0 1 2 3 4 0 0 1 13 42 0 35975 0 0 136 134 1 1 1 1 49 43 38 31 29 0 21 13 10 7 1 0 0 4 0 0 0 0 1 7 27 49 1 0 2 312 5 4 3
8 14 3 3 2 1 0 2 20 0 5 3 3 0 7 2 736 811 4 3 0 1 9 1 0 12 2 0 0 2 2 0 0 2 1 3 0 0 6 8 14 15 4 2 2 2 1 0 0 1 0 1 7 9 10 0 26 0 2 35969 137 1 0 130 124 119 56 1 0 0 0 0 26 25 2 1 0 0 10 8 1 0 0 0 0 1 3 5 56 57 60 62 394 11 10 9
1 2 2 2 1 0 1 16 2 4 0 1 2 6 1 4 4 12 836 841 3 10 2 1 0 13 0 0 0 4 4 0 0 0 4 11 1 0 0 0 0 0 17 26 3 3 2 0 1 2 5 6 7 13 14 15 25 0 0 1 35827 1 0 0 1 1 59 3 2 1 0 0 0 0 0 0 1 13 1 0 0 0 0 1 1 0 0 0 0 0 0 1 418 22 21 20
0 1 1 1 0 0 0 14 1 3 0 1 5 0 3 3 3 7 5 0 857 14 2 1 0 15 1 0 0 6 6 1 0 0 1 0 15 1 0 1 2 0 0 0 31 4 3 1 0 0 1 2 4 1 3 5 8 0 0 1 35820 2 1 0 0 0 0 58 56 52 49 45 42 41 33 28 23 3 2 1 0 0 2 4 2 2 0 1 4 0 2 3 426 4 3 2
0 0 0 0 0 1 8 4 0 2 0 1 2 2 2 2 6 4 4 9 4 882 5 1 0 18 0 1 0 8 9 0 1 0 0 3 4 23 1 0 5 0 1 1 33 5 4 2 1 0 0 0 0 0 0 0 0 0 2 35800 0 15 14 13 9 6 3 1 0 2 1 1 0 2 1 2 1 4 2 1 0 0 1 2 8 12 3 0 6 0 1 2 437 5 4 3
0 0 0 0 0 3 1 1 1 1 0 1 1 1 1 5 3 3 3 3 3 3 896 3 0 20 0 2 1 9 10 1 2 1 0 0 1 2 29 1 6 0 1 2 2 40 0 8 2 1 1 0 0 0 0 0 1 0 35790 0 3 2 1 0 1 1 1 0 0 0 0 0 0 0 0 0 1 0 0 0 0 0 0 1 2 3 17 22 7 0 0 441 8 7 6 5
1 2 1 0 0 0 0 0 0 0 0 0 0 0 4 2 2 2 2 2 2 2 10 915 22 0 1 3 2 10 11 5 2 0 1 0 0 0 1 34 7 1 0 2 3 44 0 10 0 5 2 1 0 2 1 0 2 0 35788 7 6 5 4 3 1 0 0 0 20 19 18 15 13 12 3 2 0 0 0 1 2 0 0 1 0 0 1 2 31 0 465 19 9 8 7 6
2 5 2 0 0 0 0 0 0 0 0 0 1 3 1 1 1 1 1 1 1 9 2 3 1001 1004 1009 1017 1021 1045 0 6 4 0 2 1 1 0 0 0 43 0 3 0 3 49 1 0 11 1 9 2 0 2 8 1 3 0 35778 4 3 2 1 0 0 0 0 30 8 1 0 1 0 4 2 0 0 0 1 5 2 0 0 1 4 1 0 0 36 0 476 8 7 6 5 4
3 9 1 0 1 1 1 1 1 1 1 0 0 0 0 0 0 0 0 0 8 1 2 1 55 0 1 2 0 3 1058 0 5 1 3 2 2 1 0 1 45 0 1 5 4 50 2 1 12 0 2 10 3 0 0 10 19 20 35771 3 2 1 0 0 0 38 36 3 0 5 3 1 0 2 0 0 0 1 2 11 1 0 0 0 1 7 10 12 50 0 487 8 7 6 5 4
15 4 1 0 2 5 2 5 8 7 2 0 0 1 2 3 4 5 6 7 0 0 0 0 54 0 0 0 0 0 22 1091 1099 7 0 3 3 6 8 11 58 1 0 8 1255 1309 1316 1321 1337 1341 1347 1359 1365 0 0 0 1 0 35745 48 47 46 45 43 41 1 0 0 1 0 0 0 0 0 0 0 23 20 14 1 0 0 1 3 4 5 6 7 59 60 560 10 9 8 7 6
0 2 1 0 0 0 6 0 17 0 1 0 0 2 0 0 1 2 16 18 20 29 41 42 53 0 5 7 10 15 5 7 0 1117 4 0 0 0 0 0 59 0 3 1240 0 1 2 1 1 1 1 0 2 1371 0 0 0 0 35694 14 13 12 11 10 9 8 7 6 5 4 2 1 0 0 0 0 24 0 2 1 0 0 0 0 0 0 0 1 2 0 568 5 4 3 2 1
5 1 0 0 0 2 7 19 0 3 1 0 0 0 4 7 9 12 0 0 7 8 1 0 8 3 0 1 3 4 1 4 8 0 1136 1141 1146 1151 1155 1159 1222 1226 1231 0 2 0 1 0 0 0 0 0 0 3 1377 1379 6922 6925 28752 3 2 1 0 0 0 0 0 2 1 0 0 0 0 2 0 1 26 5 1 0 0 0 2 2 0 1 1 2 6 0 574 3 2 1 0 0
3 1 0 0 1 4 8 21 0 6 0 0 0 0 0 0 0 0 0 6 4 2 0 4 2 2 0 2 3 0 3 2 4 8 2 2 2 2 1 1 1 1 1 0 0 0 0 0 0 0 0 0 0 0 0 5538 1 0 28747 17 16 15 14 12 10 8 6 2 1 0 0 1 1 4 0 2 33 0 0 1 0 0 2 6 11 0 2 0 8 0 600 23 22 21 20 12
0 0 0 0 3 5 31 1 0 10 1 0 1 1 0 0 0 1 4 1 1 1 1 1 1 1 1 1 0 2 1 3 5 1 1 1 1 1 0 0 0 0 0 0 0 0 0 0 2 1 0 1 1 0 5514 21 0 0 28728 0 15 14 13 12 11 4 3 2 1 0 1 4 0 6 0 3 35 1 2 2 0 0 0 1 2 15 17 3 9 0 607 5 4 3 2 5
0 0 1 1 4 6 34 16 14 13 0 0 3 2 3 0 0 0 0 0 0 0 0 0 0 0 0 0 1 0 2 2 1 0 0 0 0 0 0 0 0 0 0 0 2 1 1 1 3 2 0 1 2 5513 3 0 20 0 0 28723 0 4 3 2 1 5 2 1 0 0 2 6 0 8 0 4 38 3 5 1 0 0 0 1 2 0 1 20 4 11 617 3 2 1 0 1
0 0 1 2 7 62 19 1 0 0 0 0 1 11 0 0 1 0 0 0 0 0 0 0 0 0 0 0 0 1 0 0 0 0 0 0 0 0 0 1 2 0 1 2 3 2 2 2 0 7 5486 5492 5498 3 0 0 19 0 2 2 28699 3 2 1 0 0 1 0 0 0 4 8 0 10 0 44 4 8 1 0 0 0 2 3 0 3 4 5 32 638 0 4 3 2 1 0
1 0 0 2 74 3 2 1 0 0 1 0 1 15 1 0 0 4 0 0 1 2 2 0 1 1 1 0 0 0 0 0 0 1 0 1 1 1 1 1 5 0 1 2 7 3 3 0 5471 5484 0 2 4 1 0 0 17 0 1 0 28689 2 1 0 0 0 0 0 1 0 6 10 0 12 0 50 9 1 0 1 0 0 0 1 6 8 9 0 674 0 6 5 4 3 2 1
1 0 1 3 79 0 0 0 0 0 3 1 2 18 0 0 2 6 0 0 1 5 4 0 2 0 4 1 1 1 0 1 1 3 1 0 2 2 2 2 8 0 1 7 2969 2976 2982 5466 2 1 0 1 1 1 0 2 13 0 0 1 28684 0 0 1 1 1 0 1 2 0 8 12 0 13 52 10 2 0 2 1 0 1 0 0 1 2 0 11 693 5 4 3 2 1 0 0
0 1 2 84 1 1 1 0 1 1 0 6 22 1 0 0 4 8 0 0 1 8 5 1 3 1 5 2 2 2 0 1 2 6 2 1 3 0 3 3 12 0 2932 2951 0 1 0 2478 0 0 0 0 0 0 1 1 10 0 2 3 28680 4 2 2 0 3 0 5 0 0 23 0 1 14 74 9 5 3 2 1 0 3 0 0 0 1 5 6 706 4 3 2 1 0 0 2
1180 0 3 85 4 2 0 1 2 2 1 7 25 0 1 1 5 9 1 1 2 0 9 6 6 2 6 3 3 3 1 2 3 0 7 3 2 4 1 4 4 2929 14 1 0 0 1 2477 0 0 0 0 0 0 0 1 7 0 1 4 3 28661 3 0 1 5 6 1 0 0 25 99 95 94 1 0 0 0 5 2 0 5 0 0 2 3 4 5 716 2 1 0 0 0 1 4
0 1195 1208 1298 1308 1312 3 0 3 3 2 8 26 1 2 2 6 10 2 2 3 1 10 0 14 3 7 4 4 4 2 3 4 1 0 8 4 3 2872 2888 2890 19 11 1 0 0 1 4 2468 1 1 1 0 0 0 1 4 0 1 2 3 3 28648 28639 6 7 2 1 0 1 128 1 0 0 0 0 1 7 3 0 0 7 0 0 0 0 1 2 722 1 0 0 1 1 7 3
11 1 7 2 3 0 1322 5 0 4 3 9 27 2 3 3 7 11 3 3 4 2 11 1 15 4 8 5 5 5 3 4 5 2 0 1 9 2860 7 1 0 17 0 10 0 0 1 1 4 2459 2 1 1 0 0 0 2 0 1 2 2 3 3 3 28624 3 3 0 3 131 1 0 0 0 0 1 2 12 1 1 0 9 0 0 1 1 2 0 983 259 0 1 233 228 219 210
1 0 6 1 2 3 0 1329 1693 1710 1718 1732 1764 1769 1779 0 8 12 4 4 5 3 12 2 16 5 9 6 6 6 4 0 11 2821 2826 2832 2836 7 0 5 0 15 0 6 2 0 0 1 3 6 2446 2 3 1 0 0 0 0 1 1 2 2 2 0 11 28599 0 4 132 0 0 0 1 2 0 2 16 6 3 0 0 11 1 1 0 2 0 988 8 0 257 256 11 7 3 3
0 5 0 1 1 0 2 1 355 10 2 2 2 0 3 1797 0 13 5 5 6 4 13 3 17 6 10 7 7 7 0 2800 2805 0 2 2 2 2 3 1 2 12 1 2 2 1 0 2 1 1 2434 5 0 0 0 0 0 0 0 1 1 1 3 6 2 28593 5 0 133 2 1 0 2 4 0 3 24 1 0 0 0 13 2 2 0 1 993 11 0 6 2 4 2 2 2 2
1 2 0 0 0 1 0 352 1 9 1 1 1 1 0 2 1799 1815 1888 1896 1905 1912 1928 1934 1972 1981 2001 2011 2021 2031 2793 2 0 1 1 1 1 1 2 0 1 11 0 1 1 0 1 0 0 0 4 2425 1 1 1 1 0 0 0 0 0 2 1 1 1 1 28582 28579 28576 28440 1 3 0 6 0 4 27 3 2 0 0 1 17 3 0 1013 15 1 0 2 1 1 1 1 1 1
0 0 0 1 2 3 4 346 0 8 0 0 0 0 0 0 0 0 65 0 0 0 0 0 18 0 7 0 0 0 756 0 0 0 0 0 0 0 0 0 0 9 0 0 0 0 0 1 2 3 0 0 2420 7 2 5 3 2 0 0 1 0 0 0 0 0 0 0 0 0 28431 0 1 7 1 41 7 2 1 0 0 2 23 0 1027 7 0 0 0 0 0 0 0 0 0 0
0 0 0 0 0 1 2 345 0 7 0 0 2 12 14 15 21 55 64 2 2 6 11 14 17 2 6 0 0 0 755 44 40 39 29 27 21 18 14 9 4 8 4 1 0 1 2 0 1 2 12 49 0 2360 8 1 0 0 0 0 1 3 5 6 15 42 48 54 59 63 0 28360 28354 28271 44 0 0 0 0 0 0 0 0 1057 3 1 5 3 2 1 0 9 8 7 6 5
11 2 0 2 4 5 337 1 0 4 0 0 5 2 0 3 0 32 4 1 1 2 3 1 1 1 1 0 0 2 705 3 2 8 0 4 1 2 3 3 3 2 1 0 0 1 2 6 7 8 33 1 0 1 2347 1 0 4 1 0 0 0 3 7 7 17 4 4 3 2 1 2 79 0 28216 28211 1 1 1 0 0 1 1060 3 0 0 0 0 0 0 10 0 0 0 0 0
3 16 20 21 0 1 328 1 0 2 0 0 3 1 1 0 0 30 3 0 0 1 2 0 0 0 0 0 2 693 0 5 2 1 7 3 0 1 2 2 2 1 0 0 1 2 3 4 24 30 1 0 0 0 2344 27 26 25 1 0 0 2 2 6 9 6 3 3 2 1 0 1 78 2 0 2 28203 2 1 0 0 3 1068 0 1 0 0 0 1 12 1 1 1 1 1 1
0 0 0 0 23 292 31 0 0 0 0 0 1 0 0 0 7 21 1 0 0 0 0 0 0 0 0 1 671 15 1 0 3 1 0 6 2 0 1 1 1 0 0 0 1 2 15 18 3 0 0 0 0 1 2314 2 0 17 2 0 0 1 5 2 5 5 2 2 1 0 0 35 41 1 0 0 28197 2 0 0 6 1070 0 1 0 0 1 3 0 15 2 2 2 2 2 7
1 1 1 3 263 3 3 26 21 20 1 0 0 0 2 5 12 2 4 0 0 0 1 0 2 0 1 0 668 8 14 0 0 1 0 3 1 1 0 0 0 0 1 3 4 11 1 2 2 4 5 0 2 0 2308 1 0 13 0 0 0 1 2 1 4 4 1 1 0 0 15 18 40 0 0 4 3 28184 28161 28157 1072 0 1 0 0 1 6 1 0 19 0 6 3 3 8 0
2 2 5 244 13 0 1 2 3 11 5 2 0 0 1 3 7 1 2 0 0 2 3 6 11 0 1 647 9 2 7 13 7 0 0 0 1 0 0 0 1 2 3 4 5 0 1 1 0 0 1 8 0 2281 22 1 0 2 8 1 0 0 1 0 3 3 0 0 0 13 16 0 39 0 2 2 17 3 1 0 27074 2 0 1 0 2 9 0 1 20 13 4 4 16 6 4
3 216 236 0 8 3 0 1 2 4 5 1 0 0 2 2 3 0 0 0 0 1 2 3 16 0 633 8 0 4 1 6 4 5 4 2 0 0 0 0 0 0 0 0 0 0 0 0 0 0 1 2 2271 4 18 0 0 0 0 5 2 1 0 0 1 2 0 1 11 14 0 2 35 0 1 12 3 2 0 1 0 27067 4 0 1 130 116 112 108 107 59 57 50 14 13 12
208 3 12 1 0 6 2 0 1 3 3 0 0 1 1 1 0 0 0 0 0 0 0 1 0 17 630 0 7 4 3 0 5 3 1 0 0 0 0 1 2 0 1 1 1 1 0 0 1 1 2 3 2258 0 3 17 16 15 9 0 1 0 0 0 1 1 4 8 12 0 1 1 32 0 1 9 2 1 0 1 3 0 27056 2 134 2 1 1 0 10 0 0 0 17 16 15
6 2 7 3 0 1 3 1 0 2 0 1 0 0 0 0 1 2 4 2 0 1 1 2 593 597 0 11 5 1 3 2 2 1 0 0 0 0 1 1 7 0 2 7 2 0 2 1 1 4 5 0 2252 163 161 2 0 2 1 7 2 1 0 0 0 1 2 9 1 0 0 0 31 0 5 2 1 0 0 0 0 2 27052 135 2 1 0 0 0 9 8 7 6 5 4 3
5 1 3 2 2 0 1 0 0 0 0 0 0 1 2 3 0 0 0 6 4 0 2 3 586 0 1 1 2 4 0 2 1 1 0 0 0 1 1 2 8 0 0 0 9 13 15 19 22 23 0 2087 7 1 0 160 0 1 0 0 3 2 1 0 0 1 2 5 0 0 1 16 12 2 1 1 0 0 0 0 0 0 11 26900 0 13 11 10 9 8 7 6 5 4 3 2
4 0 2 1 0 0 0 0 0 0 0 0 0 0 0 1 7 9 1 0 7 13 15 0 581 25 0 0 0 1 3 1 1 0 0 0 2 4 2 2 12 0 1 1 0 0 0 0 1 0 2071 2 2 1 0 0 158 122 5 4 3 2 1 0 0 1 1 2 3 8 13 9 1 1 0 0 0 1 3 6 7 8 0 26895 15 0 0 0 0 0 10 9 8 4 3 2
1 1 0 0 0 0 0 2 0 0 2 1 1 1 0 0 0 1 12 2 1 2 0 517 35 1 23 2 1 0 0 0 0 0 0 0 1 0 5 3 20 0 2 2 2 1 1 3 0 2042 7 1 1 1 0 0 33 103 11 9 3 2 1 0 0 0 1 2 3 3 4 3 0 0 0 0 0 0 1 2 3 4 5 0 26871 0 1 1 0 12 3 2 1 2 1 0
0 0 0 0 0 0 1 4 1 1 0 3 4 2 0 1 0 0 0 14 18 0 494 4 0 32 0 19 13 8 4 2 0 0 1 3 4 7 9 6 21 0 0 3 7 3 6 0 2019 9 3 0 0 0 0 0 31 3 98 0 4 3 2 1 0 0 1 2 2 3 1 0 0 0 1 1 3 5 6 7 8 52 53 54 26869 8 7 2 0 20 2 1 0 0 0 0
0 0 1 1 1 1 2 5 2 2 0 1 4 8 0 3 1 0 2 3 459 484 4 1 0 28 2 0 3 3 2 0 0 0 1 2 3 4 5 16 29 0 1 1 0 9 0 2008 4 2 5 2 1 0 0 2 27 2 81 15 4 3 2 1 0 0 1 1 2 0 0 1 21 22 24 29 32 35 38 41 42 5 7 8 26804 7 6 1 0 24 2 1 0 0 1 1
4 6 10 2 2 2 3 6 3 3 1 2 5 9 1 0 4 409 411 454 0 4 1 1 0 25 1 1 0 1 2 1 0 0 1 0 1 2 3 4 52 0 2 5 8 0 1997 1 1 1 1 4 2 0 0 1 24 1 77 2 9 4 3 2 1 0 0 1 0 3 5 7 9 0 1 1 1 1 1 1 4 0 0 3 26786 1 0 3 0 26 0 0 0 0 3 2
0 1 2 14 21 25 30 31 43 44 49 55 62 73 76 77 401 0 0 40 0 0 0 0 0 23 0 0 0 0 0 0 0 1 2 5 6 7 8 9 63 64 65 66 0 1953 31 0 0 0 0 0 0 0 0 0 22 0 76 0 0 3 2 1 0 0 0 0 1 0 0 0 7 0 0 0 0 0 0 0 0 0 1 0 26779 1 0 0 0 32 4 2 1 0 2 4
0 0 0 1 88 89 0 0 0 0 0 0 0 288 307 308 321 5 6 39 26 21 9 8 0 22 10 7 4 2 0 0 1 0 0 0 0 1 2 0 1 0 1 0 68 1942 6 29 27 21 20 15 2 0 0 4 21 1 75 28 27 25 3 2 1 0 0 1 2 3 4 5 6 0 1 2 3 4 5 75 79 81 82 83 26775 1 0 0 0 33 0 0 0 0 0 3
0 1 3 85 0 4 99 102 108 109 111 282 286 12 4 1 3 4 5 4 3 8 1 2 3 7 2 1 1 0 0 0 0 3 2 1 0 0 1 5 8 0 0 3 1850 8 5 5 0 4 3 9 1 0 1 0 15 0 39 3 0 1 18 5 1 0 0 1 2 3 4 0 0 0 0 0 0 1 68 2 0 0 1 21 26688 0 0 1 1 0 35 1521 1519 1516 1510 1503
0 70 79 0 2 1 1 0 2 0 1 165 2 11 3 0 2 3 4 3 2 7 0 1 2 4 1 1 0 0 0 1 3 0 4 5 1 0 1 2 9 0 2 1837 5 1 7 4 4 3 0 1 8 0 0 3 10 1 20 15 2 0 1 9 2 0 0 1 2 3 4 28 43 44 47 51 61 65 0 0 0 1 18 4 7 26656 0 2 0 1567 1563 2 0 3 4 2
67 2 2 1 1 0 0 0 1 0 163 0 1 10 1 0 1 2 3 2 1 4 1 0 1 2 0 0 0 0 0 0 0 5 7 5 6 2 0 1 3 10 1821 0 10 4 0 6 3 3 2 0 1 5 0 1 9 0 19 4 9 1 0 3 4 0 0 1 7 11 17 1 9 0 1 7 1 0 0 1 2 15 3 0 0 26653 0 1577 1573 3 0 1 1 2 1 1
1 1 1 0 0 0 0 1 136 154 4 1 0 7 1 0 0 1 2 1 0 2 0 0 0 0 0 0 0 0 2 1 1 0 1 8 15 7 3 0 1796 1801 5 1 4 4 3 0 4 2 2 1 0 1 2 0 8 0 17 3 3 4 0 2 2 0 1 4 2 4 0 0 7 0 1 4 0 0 1 8 11 2 2 3 0 7 26643 1 0 0 0 0 0 0 0 0
0 0 0 0 0 0 2 3 129 16 1 1 0 4 1 0 0 0 0 0 0 0 0 0 0 0 0 1 1 0 1 5 8 2 3 6 0 16 25 30 1757 0 2 4 0 3 3 2 1 1 1 1 0 0 1 0 6 0 15 2 2 1 1 1 1 0 1 1 1 1 1 3 6 0 2 0 1 3 5 1 1 1 0 0 5 547 0 24513 0 0 0 0 0 0 0 0
0 0 0 0 2 4 5 127 0 10 4 0 0 1 1 0 0 0 0 0 0 0 0 2 1 0 2 4 0 0 0 0 1 9 0 1 7 1 2 1580 0 174 1 1 1 0 1 2 1 0 0 0 0 0 0 0 4 3 10 1 1 0 0 0 0 0 0 0 0 0 0 0 0 0 0 0 0 0 0 0 0 0 0 2 545 0 0 2 24507 3 0 2 1 0 2 1
1 1 47 51 52 0 1 118 0 8 0 3 1 0 0 0 1 1 1 2 0 1 2 0 5 1 8 1 0 0 1 3 0 2 10 0 2 8 0 1576 0 25 147 0 0 0 0 0 0 0 0 4 3 1 0 0 2 2 8 0 0 0 0 0 0 0 0 1 2 0 0 0 0 0 0 0 0 0 0 0 0 0 1 538 0 1 1 3 0 24497 24475 0 7 3 2 2
3 43 1 0 1 55 113 1 0 3 3 1 0 0 0 1 2 2 2 5 3 3 3 0 7 2 9 3 0 0 1 0 4 1 3 11 13 3 1568 4 0 23 0 146 140 1 0 60 59 57 53 30 4 3 2 0 1 1 3 3 0 0 0 2 1 1 0 1 2 6 8 1 2 0 1 1 1 1 1 1 1 4 531 0 2 0 0 2 19 0 1 24468 0 0 6 3
35 0 0 0 1 52 1 1 0 1 0 0 0 0 0 0 0 4 3 0 7 16 4 1 8 3 10 4 1 0 3 0 1 5 2 4 0 1548 5 1 0 21 0 1 2 137 132 9 5 0 1 16 24 12 0 0 0 0 2 1 0 0 1 4 2 2 0 0 0 0 0 10 16 0 2 5 2 2 2 2 503 520 0 3 0 0 1 3 14 0 1 4 24453 22 14 9
0 0 0 0 0 48 1 0 0 0 0 0 0 0 1 3 5 6 9 0 1 2 22 2 9 4 16 0 0 3 4 0 1 2 6 3 1513 18 2 1 0 17 2 0 1 3 2 57 2 4 0 15 1 8 10 8 0 0 0 0 0 2 4 12 3 3 0 2 4 1 1 0 17 0 0 0 6 10 3 497 4 7 2 1 0 0 2 1 11 0 1 2 24428 9 8 7
0 0 1 31 41 2 0 0 0 0 1 2 1 0 0 0 1 3 12 23 0 1 5 26 10 5 17 0 1 5 5 0 1 2 3 1499 3 14 2 1 0 12 3 1 0 2 1 44 11 1 3 14 0 4 2 0 6 4 0 0 0 1 2 14 28 8 0 0 1 7 10 2 19 0 1 3 5 0 481 7 2 0 6 1 0 1 0 1 8 0 1 2 24414 0 0 35
1 20 27 3 3 0 0 0 1 1 2 3 3 1 0 0 0 0 0 2 28 30 32 39 38 6 18 0 1 2 12 0 1467 1474 1478 8 1 2 13 1 0 9 1 2 0 1 0 43 8 1 0 2 13 0 2 1 0 1 0 0 2 7 10 0 1 29 10 0 0 0 0 12 23 0 1 2 0 460 7 3 2 1 0 4 0 0 0 2 4 0 1 2 5 24403 36 0
16 2 1 2 1 0 0 0 3 0 5 4 4 2 2 0 0 0 0 0 0 0 0 1 81 0 26 0 1 4 3 1454 7 2 2 2 2 0 1 12 0 6 1 0 1 0 1 40 5 1 0 1 10 1 0 0 0 0 0 1 3 1 1 2 3 6 30 43 1 1 0 0 38 0 2 439 448 3 0 5 2 1 0 1 1 0 1 0 2 0 1 1 1 8 24355 1
8 1 0 1 0 0 3 6 14 15 23 10 0 3 3 2 1 0 0 0 1 0 0 1 84 0 28 0 1 0 1436 2 0 2 1 1 1 1 0 10 0 4 0 0 0 0 1 37 2 1 0 0 6 2 0 0 0 0 0 0 0 0 1 3 4 5 13 14 59 2 2 1 117 118 435 1 2 1 0 1 2 1 0 0 0 0 0 0 0 0 0 0 3 1 1 24349
