1. mHM/Maipo Basin 5710001/morph/facc.asc
ncols        384
nrows        768
xllcorner    -70.500000000000
yllcorner    -34.500000000000
cellsize     0.001953125000
NODATA_value -9999
[rows 592 to 665 of 768, columns 96 to 191 of 384]
1 5 9 3 0 8 2 0 3 0 4 0 1 0 5 4369 0 3 0 1 0 40 3 1 0 1 0 0 0 0 0 1 3 0 0 0 0 0 4 4 3 3 3 4 3 7 1 0 0 3 2 1 4 12 11 5 30 67 13 0 13 100 1 5 11 8 7 6 5 4 3 1 0 0 0 0 0 0 0 0 1 2 0 2 0 0 1 17 2 0 1 2 0 4 54 4
0 1 3 14 5 0 12 1 4 0 1 5 1 2 3 4376 1 0 1 0 0 0 33 31 29 28 4 3 2 1 0 0 1 0 0 0 0 1 1 10 4 4 4 9 0 8 3 0 1 0 4 3 7 0 13 12 37 68 14 15 0 103 6 12 9 5 4 3 2 1 0 0 0 0 0 0 0 0 0 0 0 0 1 0 1 7 14 0 0 0 0 0 3 40 12 3
0 0 1 3 20 27 29 15 5 1 0 2 6 2 0 4415 37 36 9 8 2 1 0 0 0 2 17 14 11 8 5 2 0 0 0 2 4 1 2 13 5 5 5 10 1 9 5 2 0 0 1 9 0 8 1 14 51 69 15 17 104 7 13 10 10 3 2 1 0 0 1 1 0 2 1 0 0 1 2 0 0 0 0 2 4 4 0 0 1 0 1 2 39 6 4 1
0 0 0 0 0 1 4 36 61 64 1 0 3 7 4440 11 7 3 25 0 4 3 2 1 0 0 0 1 1 1 1 1 0 0 1 2 3 9 2 3 20 6 6 11 2 16 3 1 0 0 2 2 10 1 9 2 67 0 86 123 8 14 11 15 3 2 1 0 0 1 4 0 1 3 3 1 0 0 5 2 0 0 0 0 2 0 0 1 26 27 29 38 2 2 2 0
1 0 0 0 0 1 0 0 1 0 66 69 1 6 4446 2 2 2 2 23 20 17 14 10 9 8 1 0 0 0 0 0 0 0 1 2 3 4 15 19 25 0 14 12 20 4 2 2 0 0 1 3 3 11 2 10 71 0 89 133 15 12 16 0 2 1 0 0 1 7 0 1 2 8 2 0 1 1 6 4 1 0 0 0 0 0 1 2 21 0 1 5 1 1 0 0
0 0 0 1 1 0 1 0 0 0 0 0 71 4527 0 1 1 1 1 1 1 1 1 2 0 5 2 0 0 0 0 0 0 0 1 2 3 4 5 6 53 0 16 13 26 3 5 1 0 0 0 3 4 4 15 0 83 0 0 369 128 113 5 3 0 0 0 1 10 1 2 3 0 12 0 1 2 9 5 2 4 2 0 0 1 2 6 8 8 0 1 2 0 0 0 0
0 0 2 4 7 10 11 14 17 18 20 22 0 4530 1 0 0 0 0 0 0 0 0 0 0 0 0 0 9 6 4 2 0 0 1 2 3 4 5 6 61 62 64 96 137 8 1 0 0 2 3 4 9 15 21 38 124 0 515 142 0 0 89 88 86 85 83 79 67 64 60 55 54 52 38 36 33 29 12 8 2 1 0 0 1 2 0 0 6 0 0 0 0 1 2 4
0 0 0 1 2 0 0 0 1 0 0 0 25 4544 11 9 8 7 6 5 4 3 2 1 0 1 0 0 10 3 2 1 0 0 0 1 2 3 4 5 6 0 1 0 138 2 1 0 0 0 0 0 0 1 0 0 0 675 32 1 140 138 137 131 8 7 6 5 4 3 2 1 0 0 5 4 3 2 1 0 0 0 0 0 0 1 3 4 5 0 1 2 0 0 0 0
1 0 0 1 2 7 9 1 2 0 1 3 4691 0 0 0 0 0 0 0 0 0 0 0 0 2 0 12 8 3 2 1 0 0 2 0 1 2 3 4 12 13 14 18 142 2 1 0 0 2 2 0 1 0 2 1 690 687 3 29 0 0 1 2 121 113 102 95 70 69 68 67 65 64 47 40 38 32 30 24 3 1 1 0 0 0 0 0 0 0 0 0 4 6 1 1
1 0 0 0 0 0 1 10 5 0 2 4701 1 118 115 96 94 92 90 7 5 3 1 1 0 40 35 21 9 6 4 2 0 0 2 7 8 9 13 15 21 22 24 25 165 0 0 0 0 0 3 4 0 2 1 752 55 4 1 2 28 6 0 1 3 2 9 5 23 11 6 1 0 8 5 0 4 0 1 2 18 13 8 2 0 0 1 3 6 0 2 0 0 0 8 11
2 0 0 2 0 0 0 2 11 18 4710 1 2 0 1 17 8 4 0 80 76 74 68 60 57 56 5 2 1 1 0 0 0 0 0 0 1 2 0 0 3 0 0 1 194 5 2 0 0 1 1 9 773 771 763 4 0 54 3 0 1 20 5 0 2 1 8 0 3 10 3 3 0 7 2 1 0 2 0 1 1 1 1 3 0 0 2 3 11 0 2 3 1 3 4 5
0 0 0 1 4 0 1 1 3 4731 0 2 0 1 0 1 5 2 2 2 0 1 2 4 0 5 2 1 1 0 0 0 0 0 0 0 1 0 0 1 2 0 1 2 3 202 0 0 0 1 4 794 4 3 2 1 0 48 4 2 0 1 17 4 1 0 6 0 2 9 2 0 1 2 3 1 0 0 0 0 0 0 0 0 0 0 0 1 14 15 16 3 4 0 1 2
1 0 0 1 2 5 1 4 4888 4883 95 0 1 0 0 0 2 1 1 1 1 0 1 2 0 2 1 1 0 0 0 1 1 1 0 1 2 2 1 0 0 0 0 0 0 207 0 1 0 3 812 5 4 3 2 1 0 43 3 3 1 0 12 3 3 0 4 0 1 5 2 1 0 1 1 0 0 0 0 0 0 0 0 0 0 0 0 0 1 0 1 19 4 5 6 50
1 0 0 1 2 3 8 4896 0 49 4 93 1 0 0 0 0 0 0 0 0 0 0 0 0 0 0 0 0 0 1 2 2 2 0 1 0 4 3 3 1 0 1 1 1 209 1 0 3 834 12 5 4 3 2 1 0 39 2 2 2 0 1 9 2 2 1 1 0 1 2 1 0 0 0 0 0 0 2 1 1 1 1 1 1 1 0 1 4 0 1 2 23 36 42 2
1 0 0 1 2 4921 4913 2 0 47 0 3 90 77 3 1 0 0 0 0 0 0 0 0 0 0 2 1 0 0 2 2 6 3 1 0 3 0 5 4 6 0 1 2 2 212 870 867 852 4 3 11 4 3 2 1 0 37 0 1 1 1 0 4 3 1 1 0 0 0 0 0 0 0 0 0 1 1 4 2 5 40 2 2 2 2 1 0 5 0 1 3 6 2 1 1
196 1 1 0 4934 6 0 2 1 44 1 2 0 10 71 69 1 1 0 2 1 1 1 1 0 7 2 1 0 0 0 3 10 4 2 0 0 4 1 6 12 0 1 2 6 1094 5 8 5 5 3 2 10 3 2 1 0 36 1 0 0 0 0 1 1 2 0 0 0 0 0 0 0 0 1 1 5 8 22 28 31 0 43 47 51 6 2 7 0 0 0 0 0 1 0 0
5 199 0 4941 2 2 2 1 0 24 18 0 1 2 6 0 66 53 50 40 34 28 23 18 15 14 1 0 0 0 1 1 15 5 3 0 1 1 5 2 20 0 1 7 1109 0 3 4 7 4 4 2 1 9 2 1 0 16 16 9 7 1 0 0 0 0 0 0 1 1 1 2 0 0 2 5 6 7 4 0 0 0 0 1 2 52 7 19 1 2 0 0 0 0 0 0
5205 5197 4996 49 1 1 1 1 0 23 16 0 0 1 4 0 6 2 0 5 2 2 1 1 0 3 0 0 1 0 1 2 18 6 4 0 1 2 5 6 24 0 1 1143 0 5 2 2 3 6 3 3 1 0 8 1 0 9 5 5 0 4 3 1 0 0 0 1 2 2 2 4 0 0 0 1 2 3 0 1 0 0 1 0 0 3 53 0 22 3 0 1 1 0 0 2
9 1 2 6 39 0 0 0 0 20 1 15 0 0 1 1 0 4 1 2 1 1 1 0 0 0 0 0 1 2 1 2 22 7 5 0 1 2 0 6 7 26 1154 0 23 0 1 1 1 2 5 2 2 0 3 3 0 7 0 4 4 2 0 0 0 1 1 2 3 3 3 7 0 1 0 2 8 10 16 17 20 1 0 2 1 1 4 55 23 4 1 2 3 0 0 4
3 6 0 1 5 38 5 2 0 19 0 0 13 5 0 0 0 0 2 0 1 0 0 0 0 0 0 0 1 4 8 2 26 8 6 0 1 2 3 1 15 1191 0 6 4 21 18 0 0 0 1 4 1 1 0 1 2 2 3 0 2 0 0 0 1 3 2 7 4 0 25 12 10 9 0 0 3 0 4 1 3 25 28 1 3 2 2 61 24 5 2 7 1 0 0 11
5 2 5 2 0 4 31 1 0 17 10 8 0 6 3 2 1 0 0 0 0 0 0 0 1 1 0 1 1 0 1 9 30 9 7 0 1 5 0 7 1214 0 7 4 0 3 1 17 14 1 0 0 3 0 0 0 1 1 1 0 0 0 0 0 0 6 60 48 0 36 8 1 0 6 0 1 0 1 1 0 0 0 0 29 2 4 3 3 87 6 3 10 1 0 1 15
1 2 1 1 1 2 0 30 0 4 0 0 6 4 5 4 3 2 0 0 0 1 1 1 2 2 0 1 4 0 0 2 10 41 8 0 1 2 6 1231 0 4 1 1 3 1 2 0 1 11 9 1 0 2 1 0 0 0 0 0 0 0 1 1 1 68 1 0 41 1 1 3 0 2 1 0 0 0 0 0 0 0 1 1 30 3 5 8 88 7 4 13 43 41 38 21
0 0 0 0 0 0 1 0 29 0 2 1 0 0 3 2 1 0 0 1 0 4 14 6 0 0 4 6 14 16 17 19 23 35 87 0 2 5 3 1233 0 0 0 0 0 0 0 1 0 0 0 6 5 4 3 2 1 0 0 1 89 84 82 77 74 4 1 0 0 0 0 0 2 1 0 0 0 1 2 4 6 8 10 13 16 52 53 69 159 78 69 49 4 3 2 1
41 35 27 19 14 13 11 1 0 28 11 10 9 7 5 3 1 0 0 2 0 0 15 1 0 0 0 1 0 0 0 1 2 0 88 0 0 0 1244 62 60 59 24 23 22 21 19 17 13 9 8 6 4 2 1 0 0 0 0 0 90 0 0 0 0 0 0 5 4 3 2 1 0 1 0 0 0 0 0 0 0 0 0 0 0 0 0 0 160 79 23 22 21 20 17 12
4 4 1 6 3 0 1 6 0 15 2 1 0 0 0 0 0 0 4 0 0 1 19 0 0 0 1 0 2 2 0 0 0 4 90 0 1 1247 67 0 0 33 15 12 4 0 0 0 2 2 0 0 0 0 0 0 1 0 2 1 91 1 1 2 1 1 6 0 0 0 0 0 0 0 0 0 1 1 1 1 1 1 1 3 1 1 1 2 161 104 7 6 5 2 1 3
7 3 3 0 5 2 0 2 1 2 8 3 1 0 0 0 0 1 6 0 0 1 23 0 1 0 3 0 1 3 4 1 0 0 96 1339 1337 1326 2 2 0 11 4 1 6 2 1 0 0 0 0 0 0 0 1 1 2 1 3 2 92 22 17 13 10 7 1 0 1 1 1 1 1 1 2 0 0 3 6 9 12 15 18 19 24 2 2 167 119 118 4 3 1 1 1 0
0 5 2 2 2 1 1 1 0 1 1 1 0 0 0 2 1 2 7 2 0 26 1 0 2 0 1 4 3 0 4 5 2 2 1442 0 7 3 2 1 0 7 2 3 0 5 3 1 0 0 0 1 1 1 2 2 3 6 3 119 25 1 0 0 0 0 0 3 2 2 4 3 0 8 2 0 0 1 2 3 4 5 6 7 0 25 3 292 0 2 1 0 0 0 0 0
0 2 1 1 1 1 0 0 0 0 0 0 0 0 1 4 2 3 8 3 28 2 0 0 4 0 1 7 4 1 0 5 9 1453 3 3 3 2 2 1 0 4 1 1 2 0 0 0 0 0 1 3 2 5 3 4 0 11 120 0 0 0 0 0 1 2 1 51 43 28 22 17 16 15 1 0 0 0 1 2 4 5 6 7 16 18 45 298 0 5 1 0 0 0 0 2
0 0 0 0 0 0 0 0 0 0 0 0 0 1 1 7 3 4 9 4 32 1 0 0 6 0 2 5 13 2 0 7 1471 3 2 2 2 2 1 1 0 1 1 0 0 0 0 0 0 1 3 4 9 4 5 1 0 133 1 0 1 1 0 2 2 5 52 0 2 7 4 2 0 3 0 0 0 1 0 0 0 1 2 3 4 5 6 346 0 20 13 12 10 8 6 2
0 0 0 0 0 0 0 1 1 1 1 0 1 1 2 2 12 5 10 5 35 1 0 1 7 0 1 2 6 14 4 1485 2 2 2 1 1 1 1 0 0 0 0 0 0 0 2 0 0 1 6 15 5 6 2 1 0 134 0 3 2 2 1 3 9 57 3 1 0 1 1 0 0 0 0 0 1 3 1 0 0 0 1 3 4 5 6 355 0 21 6 5 4 3 2 1
0 1 2 0 0 2 3 0 2 0 4 1 2 0 2 3 3 30 0 6 38 0 1 10 0 0 0 0 3 22 1495 1 1 1 1 1 0 0 0 0 0 0 0 0 2 1 3 1 0 1 9 16 13 3 2 0 1 135 1 4 6 2 4 73 62 3 2 1 0 0 0 0 0 0 0 0 1 2 6 1 1 0 0 0 1 2 3 363 0 29 3 2 1 0 0 0
0 2 3 0 2 3 4 1 3 0 1 7 3 0 1 3 4 35 1 46 1 0 2 12 0 0 1 1 7 1522 1 1 0 0 0 0 0 0 0 0 1 0 2 1 3 2 4 2 1 2 10 31 4 3 0 0 3 136 2 12 3 5 74 2 1 0 0 0 1 0 0 0 1 1 1 0 1 2 10 2 2 1 0 0 1 0 0 369 0 36 1 0 0 0 1 1
1 7 0 1 3 4 5 2 4 1 0 2 12 0 3 4 0 41 2 49 0 1 3 13 1 1 0 2 1535 0 0 0 0 0 0 0 0 0 1 2 2 1 3 2 4 3 5 3 2 3 11 37 4 1 0 1 4 137 3 17 6 75 5 1 0 0 0 4 1 1 0 1 2 2 2 0 1 2 3 14 5 0 0 1 0 2 1 372 0 37 0 1 0 1 2 2
10 0 1 2 4 5 6 3 5 2 1 0 16 1 4 0 6 42 3 50 0 3 4 14 2 2 0 1 1537 0 0 0 1 0 1 1 1 1 2 3 3 2 4 3 5 4 6 4 3 4 12 38 5 2 1 2 5 138 22 7 76 6 0 0 0 1 6 2 2 1 0 2 3 3 3 0 1 5 4 15 7 0 0 1 2 1 5 374 0 38 1 2 1 2 3 3
0 0 1 5 5 6 7 4 6 3 2 0 18 2 5 0 1 50 4 51 1 4 5 15 3 3 0 3 1539 0 1 1 2 1 2 2 2 2 3 4 4 3 5 4 0 3221 3209 3197 10 0 0 3119 3066 5 0 9 0 162 8 77 7 1 0 1 1 2 7 6 2 1 0 0 7 4 5 0 0 8 5 16 8 1 0 1 5 2 6 375 0 1397 1356 1353 1345 7 0 4
0 0 1 2 9 13 8 5 7 4 3 1 19 3 6 0 3 51 5 52 2 5 6 16 4 0 1551 1545 0 0 2 2 3 2 3 3 3 3 4 5 5 4 6 0 3232 0 3 0 3179 3138 3132 5 0 3053 3046 1 0 163 9 78 10 1 0 2 2 3 8 10 2 1 0 0 9 11 0 0 1 10 6 17 9 2 0 3 6 3 7 0 1781 5 0 3 0 1333 1318 0
1 1 2 0 0 10 23 6 8 5 4 2 20 4 7 1 4 52 0 5310 5250 5246 5237 5227 5207 5199 3631 3628 3625 3596 3592 3586 3580 3573 3510 3503 3496 3489 3482 3446 3437 3428 3399 3388 0 2 2 38 0 4 4 0 2 0 4 3032 3029 2999 2832 2819 2710 3 0 3 3 4 9 14 2 0 0 2 10 12 1 1 2 11 7 18 10 3 0 1838 1832 1823 1816 1805 18 0 2 2 12 0 4 1305
2 2 3 0 1 1 11 31 9 6 5 3 21 5 8 2 5 0 5368 2 0 1 1 1 1 13 1 1 27 1 1 1 1 58 1 1 1 1 29 1 1 22 2 151 0 1 1 37 1 1 1 1 1 1 1 1 27 1 1 28 0 2693 2670 4 5 0 10 15 4 0 1 3 11 13 2 2 3 12 8 19 11 0 1847 2 0 1 1 2 0 16 1 1 11 1 1 67
10 14 19 21 24 27 40 32 43 7 0 6488 6477 6454 6446 6430 6419 6411 1 0 0 0 0 0 0 12 0 0 26 0 0 0 0 57 0 0 0 0 28 0 0 21 0 0 150 0 0 36 0 0 0 0 0 0 0 0 26 0 0 27 0 0 19 2659 2648 2623 2620 2607 2589 4 0 4 12 18 3 3 0 1948 1930 1920 1894 1880 27 0 0 0 0 0 0 15 0 0 10 0 0 66
0 0 0 0 0 0 41 0 44 0 6510 11 0 0 5 6 0 0 1037 12 11 10 8 5 2 11 7 2 25 21 12 10 4 56 9 7 2 12 27 4 0 20 3 2 149 112 111 35 22 15 8 6 2 1 2 21 25 13 17 26 9 14 3 9 17 0 0 0 0 2577 5 0 13 19 0 0 1958 3 0 4 0 2 3 22 19 18 14 2 0 14 0 2 9 2 0 65
1 1 1 1 1 1 0 6688 6644 6587 22 0 9 6 3 4 5 0 1023 0 0 0 1 1 1 2 3 1 2 7 0 4 3 45 0 6 1 8 8 1 0 14 0 1 22 12 110 11 5 5 0 2 1 0 5 11 2 12 2 7 8 3 2 3 4 16 9 0 80 0 2488 2473 2451 2433 2404 2388 421 1 1 0 2 1 1 0 1 2 2 7 0 11 0 1 2 1 0 25
2 2 4 2 0 0 6700 0 10 51 13 6 1 1 2 3 4 0 1017 2 0 0 0 0 0 1 2 0 1 2 3 3 2 1 42 5 0 7 5 1 0 11 1 0 21 11 80 28 10 4 4 1 0 0 3 10 1 11 1 6 7 2 1 2 3 5 3 3 79 3 9 19 2 7 13 5 2 415 0 0 0 0 0 0 0 1 1 2 3 8 1 0 1 0 4 19
6759 6752 6742 6729 6723 6707 0 6 9 50 12 5 0 0 1 2 3 3 0 1010 2 0 2 1 0 0 0 0 0 1 2 2 1 0 38 2 4 6 2 1 0 10 0 14 5 10 77 1 27 9 3 3 0 1 0 9 0 10 0 5 6 1 0 1 2 4 2 2 78 2 8 18 1 6 12 4 1 4 409 1 0 0 0 0 0 0 0 1 2 5 1 0 0 3 11 6
2 5 6 1 13 0 2 5 8 49 10 0 4 3 0 1 2 2 0 1 1003 4 0 0 0 0 0 0 0 0 1 1 0 1 29 5 1 3 5 1 0 9 1 11 4 9 74 1 0 26 8 2 2 0 0 6 0 9 0 3 5 0 0 1 2 0 1 1 77 1 7 17 0 5 11 3 0 3 97 308 3 1 1 1 0 0 0 0 1 1 2 0 2 0 9 5
1 4 5 0 4 7 1 4 7 3 44 9 6 3 2 0 1 1 0 4 2 989 969 966 2 1 4 2 0 0 0 0 0 1 3 22 4 0 2 4 0 8 0 10 3 8 17 55 0 0 24 7 1 1 0 3 0 8 0 1 2 1 0 0 0 0 0 72 3 0 6 4 11 4 10 2 1 0 6 89 303 5 2 1 1 1 0 0 0 0 0 0 1 0 7 4
0 3 1 2 3 6 0 3 6 2 8 34 1 1 2 1 0 0 3 1 2 15 1 0 960 944 0 0 1 0 0 0 0 0 1 16 4 3 1 0 2 6 0 9 2 7 16 48 5 0 3 19 6 0 0 1 0 5 1 0 1 0 0 1 2 3 62 8 1 0 5 3 10 3 9 1 0 1 3 83 4 296 284 7 4 1 1 0 0 2 1 0 0 0 5 3
394 2 0 1 2 2 2 2 5 1 7 17 15 0 0 1 0 2 0 1 11 2 0 12 1 24 910 2 1 1 1 0 0 0 0 1 13 3 2 0 1 3 1 8 1 6 15 15 31 3 1 2 18 5 1 0 0 2 1 0 0 0 1 2 3 4 52 5 1 0 4 2 9 2 8 0 0 2 3 78 3 4 5 273 8 7 4 2 0 8 4 2 0 0 3 2
393 0 0 0 1 1 1 1 4 0 6 7 8 14 6 0 0 1 0 7 2 1 11 0 22 0 899 5 2 10 7 5 3 1 0 0 8 3 2 1 0 2 0 7 0 5 14 14 11 18 0 0 1 17 2 1 0 0 0 0 0 1 2 3 4 15 35 2 1 0 3 1 8 1 6 0 1 2 15 61 2 3 4 2 260 6 2 1 0 10 0 0 0 0 1 1
6 384 0 0 0 0 0 0 3 2 2 6 1 5 6 4 1 0 3 2 1 0 10 0 20 0 1 895 12 0 0 7 6 5 1 0 3 3 2 1 0 1 4 1 0 3 13 13 0 9 17 1 0 0 16 12 11 10 1 0 0 1 2 3 9 20 10 2 1 0 2 0 7 0 5 0 1 14 11 48 1 2 3 1 246 5 2 1 0 11 0 0 0 0 0 0
1 2 379 0 0 0 0 0 1 1 1 5 0 4 0 4 1 0 2 1 0 7 1 0 18 0 1 2 876 1 8 0 1 0 2 1 0 2 2 1 0 0 3 0 2 8 3 9 2 0 7 14 2 1 0 2 0 4 2 0 0 2 3 4 4 14 6 2 1 0 1 0 5 0 3 0 13 10 2 44 0 1 2 0 3 241 4 1 0 13 1 1 1 0 0 0
0 0 3 372 5 3 1 0 0 0 0 2 1 0 2 1 1 0 1 0 4 1 0 3 13 0 1 2 873 9 4 2 5 4 3 2 1 0 1 1 0 0 1 1 4 2 2 2 5 1 0 5 10 2 1 0 0 2 0 0 0 0 1 3 3 9 2 2 1 0 0 1 2 0 1 12 9 1 4 35 2 0 1 0 1 9 230 1 0 22 5 2 1 1 0 0
1 2 0 361 1 0 0 1 0 0 0 0 0 0 0 0 0 0 0 0 2 0 2 2 9 0 1 2 26 832 0 13 6 5 4 3 2 1 0 0 0 0 0 1 1 1 1 1 1 2 0 0 3 6 3 2 0 1 0 0 0 0 0 0 1 6 1 1 1 0 0 0 0 0 11 8 0 1 1 27 6 1 0 0 1 6 73 155 153 152 6 5 2 1 1 0
1 2 10 4 344 4 2 0 0 6 3 2 1 0 0 0 0 0 0 0 0 1 1 2 5 0 1 22 2 5 819 0 0 7 6 5 4 3 1 0 0 0 0 0 0 0 0 0 0 0 0 0 0 1 1 0 0 0 0 0 1 2 0 0 0 3 1 0 0 0 0 1 9 10 6 0 0 0 3 22 3 1 0 0 4 0 5 66 0 121 11 10 9 6 3 1
2 6 2 0 25 312 3 1 0 7 0 0 0 0 2 0 2 1 1 0 0 0 1 1 2 0 21 1 1 1 792 10 8 0 0 0 1 0 0 0 1 0 2 0 0 0 0 0 0 0 9 7 6 5 0 0 0 0 2 0 1 5 2 1 0 1 0 0 0 0 1 3 6 3 1 0 0 2 2 18 1 0 0 1 1 1 2 1 63 78 29 27 25 23 18 17
2 0 0 23 0 0 306 37 35 34 24 22 20 19 17 12 8 5 2 1 0 0 0 0 0 20 0 0 0 0 0 787 3 1 7 5 2 1 0 0 4 0 7 1 0 3 5 25 17 14 3 2 1 0 4 2 1 1 5 6 8 26 8 2 1 0 0 3 2 0 0 0 0 0 1 0 0 0 0 16 0 0 0 0 0 0 0 0 62 76 0 0 0 0 3 2
2 14 16 22 1 0 267 81 78 77 1 0 0 0 0 6 5 4 3 2 0 0 2 5 19 0 2 5 9 14 20 5 755 9 0 0 1 0 0 0 5 0 8 0 0 0 0 26 0 0 0 2 1 0 0 0 0 0 0 0 0 27 2 1 0 0 0 4 0 0 0 0 0 0 0 0 0 1 4 15 2 0 0 1 2 6 36 52 61 75 66 35 29 18 16 14
8 1 0 2 0 0 181 0 1 2 71 65 58 52 47 38 3 2 1 0 0 0 1 1 10 0 1 2 3 4 4 23 0 719 7 5 2 1 0 0 7 1 9 2 0 0 2 28 1 1 4 0 0 0 2 0 1 1 1 0 2 31 1 0 0 1 1 5 1 1 1 1 1 1 2 0 0 0 0 4 1 0 0 1 2 0 27 14 7 7 24 4 4 9 0 0
1 0 0 0 0 64 114 0 0 1 1 2 4 3 2 0 33 6 1 0 0 0 0 1 7 0 1 2 3 3 3 18 5 710 0 1 0 0 0 2 8 2 10 3 2 0 3 29 4 5 0 0 1 1 3 1 2 2 2 1 35 2 0 0 1 2 2 6 2 2 2 2 2 2 4 1 0 0 0 0 2 0 0 1 2 26 6 6 6 6 20 2 3 3 8 1
0 0 1 2 60 1 2 110 0 0 0 0 0 3 2 1 0 24 3 2 0 0 0 2 3 0 1 2 2 2 17 4 10 702 3 0 1 0 1 3 9 3 11 4 4 4 0 30 11 0 1 1 2 2 4 2 3 3 5 0 36 3 131 129 127 124 117 109 108 104 8 7 3 13 9 1 1 1 0 0 0 0 0 1 6 15 5 5 5 5 11 7 1 2 2 5
0 1 2 52 3 0 1 2 105 76 2 1 0 0 1 1 0 1 21 3 2 0 0 0 2 0 1 1 1 16 3 9 7 7 670 591 585 572 560 556 527 515 488 465 442 434 403 398 360 342 0 316 304 295 291 282 274 265 229 223 222 178 42 36 30 24 14 13 7 3 88 85 81 75 10 9 6 3 1 0 0 0 1 3 9 4 4 4 4 4 10 2 3 0 1 1
0 4 30 17 1 0 0 1 27 20 51 2 1 0 0 0 0 0 9 6 4 2 0 0 0 0 0 0 15 2 8 6 6 70 6 4 9 9 0 23 0 21 9 16 1 24 2 5 4 3 333 0 8 4 1 2 7 6 17 3 1 2 4 4 4 4 3 4 2 2 1 2 4 3 45 27 22 18 4 2 0 0 0 1 6 3 3 3 3 3 3 5 1 2 0 0
2 9 14 12 3 0 0 1 24 11 7 47 28 27 24 20 17 6 1 6 0 0 0 0 9 10 12 14 1 7 5 5 1 67 5 3 4 3 8 4 17 10 9 8 15 0 23 1 4 3 2 14 7 1 0 1 6 5 16 2 0 1 3 3 3 3 2 3 1 1 0 1 3 2 13 2 3 2 12 10 5 0 0 0 4 2 2 2 2 2 2 2 1 0 0 0
4 3 13 7 3 2 0 1 21 10 1 4 17 1 0 2 1 9 5 0 5 1 0 0 6 0 0 0 6 4 4 0 12 53 4 2 3 2 7 3 16 9 8 7 7 6 22 0 3 2 1 13 3 2 0 0 5 4 12 2 1 0 2 2 2 2 1 2 0 0 0 0 1 1 6 5 1 2 1 0 3 2 0 1 1 1 1 1 1 1 1 1 0 0 0 1
1 2 12 6 2 1 0 8 11 9 0 3 9 4 0 1 0 2 5 4 1 2 0 0 5 0 2 5 3 3 6 11 14 37 3 1 2 1 6 2 15 8 7 6 6 5 6 14 2 1 0 6 5 2 1 0 3 3 8 2 1 0 1 1 1 1 0 0 0 0 0 0 0 0 1 3 4 0 1 0 1 0 0 0 0 0 0 0 0 0 0 0 0 0 1 3
0 1 11 5 1 0 5 1 10 6 1 2 2 5 3 1 0 1 2 1 1 0 0 0 2 0 1 2 2 5 3 8 4 36 2 0 1 0 5 1 14 7 6 5 5 4 5 5 7 1 0 2 2 4 1 0 2 2 5 1 1 0 0 0 0 0 0 0 0 0 2 1 0 0 0 0 2 3 1 0 0 0 0 0 0 0 0 0 0 0 0 0 0 2 4 11
0 7 2 4 0 0 3 0 9 5 0 1 1 2 1 0 0 0 0 0 0 0 0 0 0 0 1 1 4 2 2 4 3 31 3 1 0 0 3 0 13 6 5 4 4 3 4 4 2 3 0 1 1 2 0 0 1 1 3 0 0 0 0 0 0 0 1 1 0 1 4 3 0 3 0 0 0 0 0 0 0 0 2 1 1 1 1 1 1 2 0 0 1 0 1 2
4 1 1 2 0 0 1 2 5 3 0 0 0 0 0 0 0 0 0 0 0 0 1 0 0 0 0 0 2 1 1 3 2 4 25 2 0 0 1 1 10 5 4 3 3 2 3 3 1 0 1 0 0 0 0 0 0 0 1 0 0 0 1 1 1 1 2 0 2 1 11 2 0 6 1 0 0 0 0 0 0 1 4 2 2 2 2 4 0 4 0 0 2 2 0 0
1 0 0 0 0 0 1 2 1 1 0 0 0 0 0 0 2 0 1 1 1 1 2 2 0 0 0 0 0 0 0 2 1 3 20 3 1 0 0 1 7 4 3 2 2 1 2 1 0 0 0 0 0 0 0 1 0 1 0 0 0 1 1 2 2 4 3 0 1 5 15 1 0 7 3 1 0 1 1 1 1 0 7 3 3 6 5 15 13 12 0 0 1 5 9 1
0 0 0 0 0 0 0 0 0 0 0 0 2 1 0 1 5 2 0 0 2 4 6 1 0 2 0 0 0 0 0 1 0 2 16 2 2 0 0 3 2 3 2 1 1 0 0 0 0 0 0 0 2 1 1 8 4 3 0 0 1 3 6 2 3 8 4 0 3 6 18 0 0 12 1 0 0 3 4 0 0 2 1 12 11 25 18 1 0 3 0 0 0 0 0 11
0 1 1 1 1 0 0 0 0 0 0 1 4 2 1 2 9 2 0 0 1 15 2 0 1 3 1 2 1 1 0 0 0 1 1 13 1 1 0 1 1 2 0 0 0 0 0 0 0 0 2 1 0 5 11 1 0 1 0 0 1 0 1 9 13 4 9 6 4 7 20 1 0 15 0 0 0 5 6 1 0 0 3 27 26 4 3 2 0 2 0 0 1 1 1 0
5 9 12 15 18 20 21 24 26 1 0 2 5 37 22 19 5 1 0 0 2 21 30 4 2 22 15 11 8 5 3 1 0 0 0 11 0 0 0 0 0 0 0 0 1 0 2 4 5 8 12 15 17 46 21 6 5 4 1 0 0 3 4 5 6 21 27 38 46 87 26 4 0 20 3 1 21 19 5 2 0 1 71 36 8 2 1 0 0 0 0 1 3 6 9 12
0 0 0 0 0 0 0 0 29 0 0 0 1 38 0 0 2 1 0 0 0 0 31 0 39 15 14 5 4 3 2 1 0 0 2 10 5 3 2 1 0 0 1 2 2 0 0 0 0 0 0 0 0 47 2 1 0 2 1 0 0 1 2 3 4 5 6 0 0 88 0 0 0 21 0 0 22 0 0 0 0 0 72 0 3 2 1 0 0 0 0 0 0 0 0 0
1 1 2 0 2 0 1 32 0 1 0 1 0 41 2 4 0 0 0 0 2 1 33 40 0 0 0 7 5 4 3 2 1 0 0 0 0 0 0 0 0 0 0 0 3 3 2 1 1 1 1 1 1 54 2 1 0 4 0 0 0 1 2 3 4 7 9 17 19 1 90 1 1 22 1 1 23 1 2 0 2 73 1 4 2 1 0 1 0 1 0 1 1 1 1 2
9 14 3 1 0 3 1 36 0 2 0 1 2 46 5 3 2 0 0 2 4 5 75 1 0 2 0 0 0 0 0 0 0 0 0 0 0 0 2 1 1 1 1 1 0 5 4 3 4 0 4 2 57 1 0 0 0 5 1 0 0 0 0 0 1 0 1 4 7 31 39 137 144 172 2 2 24 2 4 3 74 2 0 8 0 0 2 1 0 0 2 1 2 2 2 2
