1. mHM/Maipo Basin 5710001/morph/soil_class_horizon_05.asc
ncols        384
nrows        768
xllcorner    -70.500000000000
yllcorner    -34.500000000000
cellsize     0.001953125000
NODATA_value -9999
[rows 608 to 645 of 768, columns 168 to 251 of 384]
1587 1587 1507 1428 1428 1428 1428 1427 1427 2442 2442 2442 2442 2442 2442 1504 1504 1504 1425 1425 1426 1426 1426 1505 1505 1505 1505 1505 1505 1504 1505 1506 1506 1428 1347 1347 1265 1265 1265 1265 1266 1266 1265 1265 1347 1347 1347 1346 1346 1427 1427 1427 1427 1427 1427 1427 1427 1346 1346 1426 1425 1345 1346 1265 1265 1266 1266 1265 1264 1346 1346 1346 1346 1346 1265 1182 1183 1183 1183 1182 1182 1183 1268 1269
1587 1508 1507 1507 1506 1507 1586 1586 2442 2442 1505 1505 1504 1505 1506 1506 1506 1505 1504 1504 1425 1425 1425 1505 1505 1505 1505 1505 1505 1504 1505 1506 1506 1427 1427 1346 1346 1264 1264 1346 1347 1347 1347 1346 1346 1346 1346 1346 1346 1346 1346 1346 1346 1346 1344 1345 1346 1264 1264 1345 1425 1344 1345 1264 1264 1264 1264 1264 1346 1345 1427 1427 1427 1347 1266 1182 1183 1183 1266 1266 1266 1267 1184 1185
1587 1508 1507 1507 1506 1507 1586 1586 2442 2442 1505 1505 1504 1505 1506 1506 1506 1505 1504 1504 1425 1425 1425 1505 1505 1505 1505 1505 1505 1504 1505 1506 1506 1427 1427 1346 1346 1264 1264 1346 1347 1347 1347 1346 1346 1346 1346 1346 1346 1346 1346 1346 1346 1346 1344 1345 1346 1264 1264 1345 1425 1344 1345 1264 1264 1264 1264 1264 1346 1345 1427 1427 1427 1347 1266 1182 1183 1183 1266 1266 1266 1267 1184 1185
1587 1507 1507 1506 1506 1585 1585 1584 1504 1504 1505 1505 1504 1505 1506 1506 1506 1505 1505 1584 1505 1505 1425 1425 1506 1505 1505 1505 1506 1505 1505 1506 1506 1426 1426 1345 1345 1344 1344 1345 1345 1345 1345 1345 1345 1345 1263 1345 1345 1346 1346 1347 1265 1346 1344 1345 1345 1264 1264 1345 1425 1425 1426 1426 1426 1346 1264 1345 1344 1425 1426 1427 1427 1347 1266 1266 1182 1266 1266 1182 1182 1266 1183 1184
1586 1586 1507 1506 1584 1584 1583 1504 1504 1504 1504 1504 1505 1505 1506 1506 1506 1506 1506 1506 1505 1505 1505 1505 1425 1426 1426 1426 1506 1506 1505 1505 1505 1425 1425 1425 1425 1424 1344 1263 1345 1426 1426 1426 1346 1346 1346 1345 1345 1346 1347 1347 1347 2442 2442 1265 1265 1264 1264 1345 1425 1424 1425 1426 1426 1345 1345 1345 1425 1504 1505 1426 1427 1428 1347 1347 1265 1266 1182 1182 1182 1183 1183 1183
1586 1586 1506 1505 1505 1583 1583 1583 1504 1504 1504 1505 1505 1506 1585 1585 1585 1585 1586 1507 1507 1505 1505 1505 1505 1426 1426 1426 1506 1506 1505 1505 1505 1425 1425 1424 1424 1425 1425 1345 1345 1345 1345 1346 1428 1347 1347 1346 1346 1346 1347 1347 1265 1264 1264 1265 1265 1264 1264 1263 1425 1425 1425 1425 1425 1345 1345 1344 1425 1425 1425 1426 1427 1428 1347 1347 1265 1266 1182 1182 1182 1266 1183 1183
1586 1586 1506 1505 1504 1583 1583 1584 1505 1505 1584 1506 1506 1585 1585 1585 1585 1586 1507 1507 1506 1505 1505 1505 1505 1426 1426 1506 1585 1585 1505 1505 1505 1425 1425 1425 1425 1425 1426 1345 1346 1346 1346 1428 1428 1429 1429 1429 1429 1429 1347 1347 1264 1264 1264 1265 1265 1264 1264 1345 1425 1425 1425 1425 1425 1425 1425 1425 1425 1344 1426 1426 1427 1347 1347 1265 1265 1265 1265 1266 1266 1266 1266 1266
1663 1585 1584 1584 1505 1505 1505 1505 1426 1506 1585 1585 1585 1585 1584 1506 1506 1506 1506 1506 1505 1505 1504 1504 1505 1426 1505 1505 1584 1584 1584 1584 1584 1584 1506 1506 1506 1427 1427 1346 1347 1347 1427 1427 1427 1507 1428 1428 1428 1428 1428 1427 1346 1264 1263 1264 1180 1180 1264 1345 1504 1424 1425 1425 1425 1425 1425 1425 1425 1425 1344 1344 1346 1428 1347 1266 1182 1265 1265 1265 1265 1266 1266 1266
1664 1585 1585 1585 1507 1507 1506 1506 1506 1506 1585 1585 1585 1584 1584 1584 1584 1585 1585 1505 1505 1504 1504 1505 1505 1505 1505 1584 1505 1505 1504 1505 1505 1506 1506 1506 1506 1427 1427 1347 1347 1347 1427 1427 1427 1427 1508 1428 1428 1347 1347 1346 1346 1264 1265 1264 1180 1180 1264 1344 1424 1424 1424 1424 1424 1424 1424 1424 1504 1424 1424 1425 1426 1427 1347 1265 1265 1265 1265 1265 1265 1266 1266 1183
1587 1587 1587 1587 1587 1586 1586 1506 1506 1507 1506 1505 1505 1505 1584 1584 1584 1584 1584 1584 1584 1505 1505 1505 1505 1584 1584 1584 1505 1505 1505 1505 1505 1505 1506 1506 1505 1426 1428 1347 1347 1347 1347 1347 1347 1347 1347 1347 1347 1347 1265 1264 1346 1346 1346 1264 1264 1264 1262 1424 1424 1424 1424 1424 1424 1424 1423 1423 1503 1503 1503 1504 1506 1426 1346 1265 1265 1265 1265 1265 1265 1265 1266 1267
1508 1509 1587 1586 1664 1663 1585 1506 1505 1506 1506 1505 1505 1505 1505 1584 1584 1584 1584 1584 1584 1505 1505 1505 1584 1584 1663 1584 1584 1505 1506 1506 1506 1506 1506 1506 1506 1506 1427 1347 1347 1347 1265 1265 1265 1265 1265 1265 1265 1347 1264 1264 1347 1347 1346 1264 1264 1263 1344 1424 1424 1424 1504 1423 1423 1423 1503 1503 1503 1503 1503 1504 1426 1426 1346 1265 1181 1181 1181 1181 1181 1181 1266 1267
1586 1585 1663 1663 1664 1664 1585 1506 1507 1507 1506 1426 1506 1505 1505 1584 1584 1584 1584 1584 1505 1505 1505 1505 1584 1663 1663 1585 1584 1584 1505 1506 1506 1506 1585 1585 1506 1507 1428 1427 1428 1347 1347 1266 1265 1266 1266 1265 1265 1265 1264 1264 1264 1346 1347 1347 1264 1345 1425 1424 1504 1504 1503 1423 1423 1422 1503 1503 1503 1503 1503 1504 1426 1426 1346 1264 1181 1181 1181 1098 1098 1181 1181 1182
1664 1663 1663 1663 1663 1585 1506 1507 1507 1508 1427 1427 1427 1426 1426 1506 1506 1584 1584 1584 1506 1584 1584 1584 1585 1586 1586 1663 1585 1585 1585 1584 1584 1585 1585 1585 1586 1508 1428 1428 1428 1428 1347 1347 1266 1266 1266 1266 1266 1266 1265 1265 1265 1265 1265 1265 1264 1345 1424 1423 1423 1503 1503 1502 1502 1502 1501 1502 1503 1503 1423 1425 1426 1426 1426 1346 1181 1181 1098 1098 1098 1181 1181 1181
1586 1664 1664 1663 1585 1506 1427 1507 1507 1508 1428 1428 1427 1427 1427 1507 1507 1585 1584 1585 1664 1664 1664 1664 1586 1586 1586 1585 1663 1584 1584 1584 1584 1585 1585 1585 1586 1664 1587 1428 1429 1428 1508 1428 1348 1266 1267 1266 1266 1182 1182 1182 1266 1266 1265 1265 1264 1344 1424 1422 1423 1503 1503 1581 1581 1502 1501 1502 1503 1503 1424 1425 1426 1426 1426 1346 1264 1181 1181 1181 1181 1181 1265 1265
1588 1588 1588 1587 1507 1427 1428 1428 1508 1508 1508 1508 1507 1507 1586 1587 1587 1587 1586 1664 1664 1741 1742 1742 1742 1665 1586 1585 1584 1584 1584 1584 1584 1585 1585 1586 1586 1586 1586 1507 1507 1507 1586 1507 1427 1347 1266 1266 1266 1265 1266 1266 1266 1266 1265 1265 1426 1504 1503 1503 1503 1503 1503 1503 1503 1503 1502 1502 1423 1423 1423 1504 1425 1426 1426 1346 1264 1180 1181 1181 1181 1265 1265 1265
1511 1511 1511 1510 1429 1429 1430 1430 1509 1508 1508 1587 1588 1508 1508 1508 1508 1508 1508 1587 1664 1664 1664 1742 1742 1742 1664 1585 1585 1585 1585 1584 1584 1585 1585 1585 1585 1585 1505 1505 1505 1506 1506 1506 1427 1347 1348 1348 1348 1347 1265 1265 1266 1266 1265 1346 1505 1504 1505 1505 1505 1505 1505 1504 1504 1503 1502 1502 1503 1503 1503 1503 1424 1425 1345 1264 1265 1181 1181 1181 1181 1181 1265 1181
1512 1432 1432 1511 1431 1431 1431 1432 1511 1511 1589 1589 1589 1510 1429 1429 1429 1430 1510 1510 1509 1587 1587 1665 1665 1665 1665 1586 1585 1585 1585 1585 1585 1506 1585 1585 1584 1583 1505 1505 1426 1426 1505 1506 1507 1428 1347 1347 1347 1347 1346 1264 1264 1264 1346 1345 1426 1505 1506 1507 1506 1505 1505 1504 1504 1582 1503 1502 1502 1503 1503 1503 1424 1425 1345 1265 1181 1181 1181 1181 1181 1265 1265 1265
1434 1434 1433 1513 1432 1432 1512 1512 1512 1511 1589 1509 1510 1430 1430 1430 1430 1431 1511 1510 1510 1510 1509 1588 1588 1587 1587 1586 1586 1585 1585 1584 1584 1584 1584 1584 1584 1584 1505 1425 1425 1425 1505 1505 1506 1427 1346 1346 1346 1346 1345 1345 1263 1264 1346 1346 1346 1346 1427 1507 1427 1427 1506 1583 1583 1582 1503 1502 1502 1503 1503 1503 1424 1425 1426 1346 1264 1264 1264 1264 1264 1347 1265 1265
1434 1434 1433 1513 1432 1432 1512 1512 1512 1511 1589 1509 1510 1430 1430 1430 1430 1431 1511 1510 1510 1510 1509 1588 1588 1587 1587 1586 1586 1585 1585 1584 1584 1584 1584 1584 1584 1584 1505 1425 1425 1425 1505 1505 1506 1427 1346 1346 1346 1346 1345 1345 1263 1264 1346 1346 1346 1346 1427 1507 1427 1427 1506 1583 1583 1582 1503 1502 1502 1503 1503 1503 1424 1425 1426 1346 1264 1264 1264 1264 1264 1347 1265 1265
1434 1434 1433 1433 1433 1432 1432 1432 1432 1510 1510 1431 1431 1430 1510 1509 1509 1509 1429 1509 1429 1510 1510 1510 1430 1509 1508 1507 1507 1586 1506 1506 1506 1585 1584 1584 1505 1505 1505 1505 1425 1505 1505 1505 1426 1426 1346 1346 1346 1345 1345 1345 1263 1263 1345 1426 1346 1346 1426 1427 1507 1507 1427 1506 1506 1505 1504 1503 1503 1503 1503 1503 1504 1505 1425 1345 1345 1345 1426 1426 1426 1426 1346 1264
1433 1433 1433 1433 1434 1433 1351 1432 1431 1430 1510 1431 1431 1430 1429 1429 1429 1429 1429 1428 1428 1429 1430 1430 1430 1429 1428 1347 1429 1509 1507 1426 1426 1506 1584 1584 1584 1584 1505 1505 1505 1505 1505 1505 1425 1426 1426 1346 1346 1346 1345 1345 1344 1263 1345 1345 1345 1345 1345 1346 1347 1428 1428 1428 1428 1427 1506 1504 1504 1503 1503 1504 1503 1504 1504 1504 1425 1344 1426 1427 1427 1346 1345 1263
1433 1433 1433 1434 1352 1433 1432 1511 1511 1510 1430 1509 1429 1430 1429 1428 1428 1428 1428 1428 1428 1428 1429 1429 1429 1428 1428 1428 1428 1428 1346 1345 1345 1345 1426 1426 1506 1506 1506 1506 1506 1506 1506 1505 1505 1426 1426 1345 1345 1345 1346 1264 1264 1346 1426 1427 1345 1345 1346 1346 1346 1347 1347 1347 1347 1347 1427 1505 1583 1503 1504 1583 1582 1503 1503 1503 1425 1425 1426 1346 1346 1346 1264 1264
1512 1512 1512 1432 1351 1352 1432 1511 1510 1510 1429 1429 1429 1430 1429 1428 1428 1428 1428 1428 1428 1428 1428 1428 1348 1429 1429 1429 1428 1428 1346 1345 1345 1344 1344 1426 1506 1506 1506 1585 1506 1426 1426 1426 1426 1425 1425 1425 1425 1345 1345 1263 1264 1264 1345 1427 1346 1346 1347 1347 1347 1347 1347 1347 1347 1347 1427 1505 1583 1504 1504 1582 1582 1582 1582 1504 1425 1345 1345 1346 1346 1264 1264 1264
1590 1511 1512 1512 1512 1512 1511 1510 1509 1509 1429 1429 1429 1429 1429 1508 1508 1508 1508 1508 1428 1428 1428 1428 1428 1428 1428 1507 1507 1426 1425 1424 1424 1424 1425 1425 1426 1506 1507 1506 1506 1426 1426 1426 1426 1505 1505 1425 1425 1345 1344 1345 1345 1426 1426 1426 1426 1426 1346 1347 1347 1347 1347 1266 1266 1265 1346 1505 1505 1505 1504 1582 1582 1582 1504 1425 1345 1426 1426 1346 1346 1347 1346 1264
1590 1511 1511 1511 1510 1510 1510 1430 1430 1430 1349 1429 1429 1428 1508 1508 1508 1507 1507 1508 1428 1428 1427 1427 1427 1427 1426 1425 1425 1424 1424 1424 1424 1425 1425 1425 1426 1427 1427 1426 1426 1426 1426 1427 1426 1426 1505 1505 1505 1505 1425 1345 1425 1505 1506 1506 1505 1426 1346 1265 1265 1265 1266 1266 1266 1265 1346 1426 1505 1425 1505 1582 1582 1505 1425 1426 1426 1426 1427 1347 1347 1347 1347 1264
1589 1509 1509 1508 1508 1508 1429 1429 1429 1429 1429 1509 1508 1508 1508 1507 1507 1507 1507 1428 1428 1428 1427 1426 1426 1426 1345 1425 1424 1343 1343 1344 1344 1425 1425 1425 1426 1427 1427 1427 1426 1426 1427 1427 1427 1427 1426 1425 1425 1425 1425 1263 1346 1507 1507 1506 1506 1426 1346 1265 1265 1348 1266 1266 1266 1265 1346 1345 1425 1425 1504 1504 1425 1426 1425 1426 1426 1427 1427 1427 1427 1347 1347 1346
1509 1588 1508 1508 1508 1508 1508 1509 1509 1509 1508 1508 1508 1508 1508 1428 1428 1508 1428 1428 1429 1508 1427 1345 1344 1425 1425 1426 1425 1425 1344 1344 1344 1425 1425 1426 1506 1506 1427 1427 1427 1507 1427 1428 1428 1347 1347 1427 1427 1426 1426 1346 1347 1507 1507 1508 1507 1427 1347 1348 1348 1348 1267 1266 1266 1265 1264 1346 1346 1346 1346 1426 1426 1426 1425 1426 1426 1426 1427 1427 1427 1347 1347 1265
1430 1430 1430 1430 1429 1429 1509 1509 1509 1508 1508 1508 1508 1508 1429 1428 1428 1508 1508 1508 1428 1428 1427 1426 1425 1425 1425 1426 1426 1426 1345 1345 1345 1426 1426 1426 1506 1506 1507 1507 1428 1427 1507 1428 1428 1428 1347 1427 1427 1427 1427 1427 1506 1506 1507 1508 1427 1427 1346 1347 1266 1266 1266 1349 1349 1349 1264 1347 1346 1426 1427 1427 1427 1427 1427 1507 1427 1426 1426 1427 1427 1346 1265 1265
1429 1429 1428 1509 1430 1430 1430 1510 1509 1509 1508 1508 1508 1509 1509 1508 1508 1509 1508 1507 1506 1427 1426 1426 1426 1425 1426 1426 1426 1345 1346 1346 1346 1345 1425 1426 1426 1427 1427 1427 1427 1428 1428 1428 1428 1428 1428 1427 1427 1427 1427 1506 1584 1506 1507 1428 1427 1426 1427 1265 1266 1348 1348 1430 1430 1430 2442 1427 1427 1426 1427 1427 1427 1427 1507 1506 1426 1426 1426 1346 1346 1265 1181 1181
1508 1508 1508 1509 1509 1510 1510 1510 1510 1509 1509 1509 1428 1508 1508 1508 1508 1508 1508 1507 1426 1506 1426 1426 1426 1426 1425 1425 1425 1426 1426 1345 1345 1345 1425 1426 1427 1428 1428 1428 1428 1428 1428 1428 1428 1428 1428 1427 1427 1427 1506 1584 1584 1506 1427 1428 1346 1426 1427 1347 1348 1348 1429 1429 1429 1429 1427 1427 1427 1427 1427 1427 1427 1427 1506 1506 1426 1425 1345 1264 1264 1181 1098 1181
1508 1508 1508 1429 1429 1509 1510 1510 1430 1510 1510 1430 1349 1429 1508 1508 1508 1508 1507 1506 1426 1426 1426 1426 1505 1425 1425 1425 1425 1425 1425 1345 1345 1345 1426 1426 1426 1427 1347 1428 1428 1428 1428 1428 1427 1507 1507 1427 1427 1426 1506 1506 1506 1507 1428 1347 1347 1346 1346 1347 1348 1348 1429 1428 1428 1428 1427 1427 1345 1345 1345 2442 2442 2442 1506 1345 1345 1262 1263 1180 1180 1098 1098 1181
1508 1508 1508 1429 1429 1509 1510 1431 1349 1349 1350 1350 1349 1429 1428 1508 1508 1506 1505 1505 1506 1506 1506 1425 1425 1425 1424 1424 1425 1425 1425 1344 1344 1345 1426 1426 1426 1346 1346 1427 1428 1428 1428 1427 1507 1507 1427 1507 1507 1426 1426 1426 1427 1428 1429 1347 1347 1427 1427 1428 1428 1428 1428 1428 1428 1508 1508 1345 1345 1345 1345 2442 2442 2442 2442 1263 1263 1263 1179 1180 1180 1180 1180 1264
1508 1508 1507 1507 1507 1508 1428 1429 1429 1429 1348 1349 1349 1348 1428 1427 1427 1426 1425 1425 1506 1506 1506 1505 1425 1424 1424 1424 1425 1505 1505 1504 1504 1425 1425 1425 1424 1425 1426 1506 1507 1427 1427 1427 1427 1427 1507 1507 1507 1426 1426 1507 1428 1428 1429 1428 1428 1427 1427 1428 1428 1428 1428 1428 1428 1428 1347 1346 1345 1345 1345 2442 2442 2442 2442 1263 1265 1265 1265 1265 1265 1265 1264 1345
1585 1506 1506 1505 1425 1426 1426 1427 1426 1426 1345 1346 1347 1347 1346 1426 1426 1425 1425 1426 1506 1505 1505 1505 1425 1424 1424 1424 1505 1583 1582 1503 1503 1424 1424 1424 1504 1504 1505 1506 1507 1427 1428 1428 1428 1428 1507 1506 1506 1506 1505 1584 1585 1506 1426 1427 1427 1426 1427 1507 1427 1427 1507 1428 1428 1347 1346 1427 2442 2442 1266 1266 1266 2442 2442 2442 1265 1265 1265 1265 1265 1346 1346 1345
1585 1506 1506 1505 1425 1426 1426 1427 1426 1426 1345 1346 1347 1347 1346 1426 1426 1425 1425 1426 1506 1505 1505 1505 1425 1424 1424 1424 1505 1583 1582 1503 1503 1424 1424 1424 1504 1504 1505 1506 1507 1427 1428 1428 1428 1428 1507 1506 1506 1506 1505 1584 1585 1506 1426 1427 1427 1426 1427 1507 1427 1427 1507 1428 1428 1347 1346 1427 2442 2442 1266 1266 1266 2442 2442 2442 1265 1265 1265 1265 1265 1346 1346 1345
1584 1505 1505 1505 1425 1425 1426 1426 1425 1425 1425 1345 1346 1346 1427 1426 1426 1426 1426 1426 1506 1505 1505 1505 1505 1504 1504 1503 1583 1583 1582 1582 1582 1503 1423 1423 1504 1505 1505 1506 1507 1507 1507 1428 1428 1428 1427 1506 1506 1505 1505 1505 1505 1505 1506 1426 1426 1506 1507 1507 1426 1426 1426 1426 1426 1345 1427 1427 2442 2442 1347 1347 1347 2442 2442 1347 1347 1265 1265 1346 1346 1346 1346 1346
1583 1583 1505 1505 1505 1425 1426 1426 1426 1426 1426 1346 1346 1427 1427 1427 1427 1426 1426 1426 1505 1505 1504 1505 1505 1504 1503 1503 1583 1583 1583 1504 1504 1504 1504 1504 1425 1506 1506 1506 1505 1506 1506 1507 1428 1428 1428 1427 1427 1506 1505 1505 1505 1505 1504 1425 1425 1506 1507 1507 1506 1506 1506 1426 1426 1345 1345 1344 1426 1426 1426 1426 1426 2442 2442 1347 1347 1265 1265 1346 1346 1346 1346 1427
1504 1504 1584 1584 1505 1426 1426 1426 1426 1426 1426 1427 1427 1427 1427 1427 1427 1427 1426 1505 1505 1505 1505 1505 1504 1504 1503 1503 1583 1583 1504 1504 1504 1504 1505 1505 1425 1426 1506 1505 1505 1505 1506 1506 1506 1427 1427 1427 1427 1506 1506 1505 1505 1504 1504 1504 1505 1506 1506 1506 1505 1505 1506 1426 1426 1426 1425 1425 1425 1426 1426 1426 1426 1346 1346 1347 1347 1347 1347 1347 1347 1347 1264 1346
