1. mHM/Maipo Basin 5710001/morph/soil_class_horizon_05.asc
ncols        384
nrows        768
xllcorner    -70.500000000000
yllcorner    -34.500000000000
cellsize     0.001953125000
NODATA_value -9999
[rows 684 to 721 of 768, columns 252 to 335 of 384]
1265 1265 1266 1266 1348 1428 1348 1267 1350 1351 1269 1351 1351 1432 1351 1432 1432 1512 1512 1432 1432 1352 1352 1433 1432 1432 1431 1432 1432 1432 1431 1351 1351 1351 1352 1352 1352 1270 1271 1271 1270 1351 1430 1347 1347 1347 1347 1347 1266 1266 1267 1430 1511 1432 1433 1434 1353 1353 1352 1352 1352 1270 1270 1270 1270 1269 1269 1269 1269 1269 1270 1270 1351 1432 1431 1350 1350 1431 1351 1268 1268 1268 1267 1267
1265 1265 1347 1347 1347 1347 1348 1267 1350 1268 1268 1349 1349 1349 1349 1430 1430 1511 1512 1434 1353 1353 1353 1433 1433 1433 1433 1352 1352 1433 1433 1351 1351 1352 1352 1353 1354 1353 1354 1271 1270 1351 1430 1347 1347 1347 1347 1347 1266 1266 1348 1430 1511 1432 1432 1433 1353 1353 1434 1434 1434 1352 1352 1352 1269 1269 1269 1269 1269 1269 1270 1271 1270 1351 1432 1351 1351 1432 1432 1350 1268 1267 1349 1267
1265 1347 1347 1347 1347 1347 1347 1266 1266 1267 1183 1267 1267 1349 1349 1430 1431 1512 1433 1433 1433 1352 1352 1352 1352 1352 1352 1353 1353 1353 1353 1353 1353 1354 1353 1353 1353 1353 1352 1269 1268 1349 1349 1429 1429 1347 1347 1347 1266 1348 1429 1510 1510 1430 1431 1512 1432 1433 1434 1434 1434 1353 1353 1353 1434 1352 1351 1350 1269 1270 1270 1270 1270 1351 1351 1351 1351 1351 1350 1350 1350 1267 1349 1349
1265 1265 1347 1347 1347 1347 1347 1265 1266 1183 1183 1267 1267 1266 1349 1431 1432 1512 1512 1512 1512 1351 1351 1351 1350 1351 1352 1353 1353 1353 1353 1353 1353 1353 1353 1352 1352 1352 1352 1351 1349 1348 1429 1429 1429 1428 1347 1347 1266 1348 1428 1509 1510 1510 1509 1510 1431 1432 1433 1353 1353 1354 1353 1434 1434 1353 1352 1352 1270 1269 1351 1351 1351 1269 1269 1269 1269 1269 1269 1269 1268 1268 1268 1268
1265 1265 1265 1264 1347 1347 1266 1266 1266 1183 1183 1184 1184 1268 1350 1432 1432 1432 1432 1511 1511 1431 1349 1349 1349 1350 1351 1270 1270 1270 1351 1351 1432 1432 1432 1432 1432 1431 1430 1348 1347 1347 1346 1346 1346 1427 1427 1347 1347 1428 1507 1508 1509 1509 1429 1510 1511 1432 1352 1353 1353 1353 1353 1433 1353 1353 1434 1434 1353 1352 1432 1351 1351 1270 1270 1269 1269 1269 1268 1268 1267 1268 1184 1268
1265 1265 1264 1264 1265 1266 1266 1266 1267 1184 1185 1268 1268 1268 1269 1351 1432 1431 1430 1511 1511 1430 1430 1429 1430 1349 1350 1350 1350 1350 1349 1349 1349 1349 1429 1429 1430 1430 1428 1427 1426 1427 1346 1346 1346 1427 1426 1427 1427 1427 1507 1507 1508 1508 1509 1510 1510 1510 1431 1432 1432 1432 1432 1433 1433 1432 1432 1433 1434 1353 1353 1352 1352 1352 1270 1270 1270 1269 1350 1268 1268 1268 1268 1268
1265 1265 1264 1264 1265 1266 1266 1266 1267 1184 1185 1268 1268 1268 1269 1351 1432 1431 1430 1511 1511 1430 1430 1429 1430 1349 1350 1350 1350 1350 1349 1349 1349 1349 1429 1429 1430 1430 1428 1427 1426 1427 1346 1346 1346 1427 1426 1427 1427 1427 1507 1507 1508 1508 1509 1510 1510 1510 1431 1432 1432 1432 1432 1433 1433 1432 1432 1433 1434 1353 1353 1352 1352 1352 1270 1270 1270 1269 1350 1268 1268 1268 1268 1268
1264 1264 1263 1264 1265 1265 1266 1267 1184 1185 1186 1186 1186 1269 1268 1350 1349 1430 1430 1430 1510 1510 1429 1429 1429 1348 1348 1430 1430 1430 1429 1508 1508 1508 1427 1427 1427 1428 1427 1426 1426 1427 1346 1346 1346 1426 1426 1427 1427 1427 1427 1507 1507 1426 1506 1507 1429 1429 1430 1511 1511 1512 1432 1432 1432 1431 1431 1432 1433 1353 1353 1353 1353 1353 1353 1353 1353 1353 1352 1352 1352 1351 1350 1268
1345 1346 1345 1346 1346 1265 1265 1266 1183 1185 1187 1187 1187 1270 1268 1349 1348 1430 1430 1430 1429 1429 1428 1427 1428 1428 1428 1428 1428 1428 1428 1427 1427 1427 1346 1346 1346 1427 1427 1427 1346 1346 1346 1345 1345 1345 1345 1427 1427 1426 1506 1506 1585 1506 1506 1506 1427 1429 1429 1510 1510 1511 1431 1431 1511 1431 1431 1431 1432 1352 1352 1353 1353 1353 1271 1271 1271 1271 1353 1433 1432 1432 1431 1350
1347 1347 1427 1346 1264 1264 1265 1266 1183 1186 1104 1104 1104 1268 1267 1348 1347 1429 1429 1429 1428 1428 1427 1427 1427 1427 1427 1507 1507 1427 1426 1346 1346 1346 1346 1346 1346 1346 1347 1427 1427 1427 1427 1427 1427 1426 1427 1427 1427 1506 1506 1506 1506 1506 1506 1585 1585 1587 1508 1508 1508 1509 1510 1510 1431 1431 1431 1431 1431 1432 1352 1352 1353 1272 1273 1273 1273 1272 1353 1433 1433 1432 1431 1431
1348 1347 1346 1264 1265 1265 1266 1267 1268 1185 1187 1186 1186 1267 1348 1347 1347 1347 1347 1428 1428 1428 1428 1427 1427 1426 1426 1426 1426 1426 1426 1426 1426 1426 1427 1346 1347 1347 1347 1347 1347 1428 1427 1427 1427 1506 1427 1427 1428 1428 1428 1428 1508 1508 1508 1586 1586 1586 1586 1585 1585 1586 1587 1587 1509 1511 1511 1431 1431 1432 1432 1432 1433 1353 1272 1273 1273 1273 1272 1352 1432 1432 1431 1430
1347 1265 1346 1264 1265 1266 1182 1266 1267 1184 1185 1268 1268 1267 1347 1347 1347 1347 1347 1347 1427 1427 1426 1506 1426 1426 1426 1426 1426 1427 1427 1427 1427 1427 1427 1347 1347 1347 1347 1347 1347 1428 1427 1507 1507 1507 1426 1427 1427 1427 1427 1427 1428 1428 1428 1508 1586 1586 1586 1586 1586 1586 1586 1587 1508 1509 1511 1431 1432 1433 1432 1432 1352 1352 1271 1272 1272 1272 1272 1353 1352 1432 1431 1431
1347 1347 1265 1182 1266 1266 1182 1182 1183 1184 1184 1267 1267 1266 1266 1265 1265 1265 1347 1346 1345 1425 1506 1506 1426 1426 1426 1427 1427 1427 1427 1347 1347 1347 1347 1347 1347 1347 1347 1347 1347 1428 1507 1506 1506 1507 1426 1426 1427 1507 1427 1427 1428 1429 1430 1429 1509 1509 1509 1509 1509 1508 1587 1508 1508 1509 1510 1511 1512 1432 1351 1352 1352 1352 1271 1271 1271 1354 1354 1353 1353 1352 1433 1432
1347 1347 1266 1266 1266 1266 1183 1184 1101 1185 1269 1269 1269 1268 1183 1266 1265 1265 1264 1345 1426 1506 1507 1507 1507 1427 1427 1427 1427 1428 1347 1347 1347 1347 1347 1347 1347 1347 1347 1347 1427 1426 1506 1505 1505 1426 1426 1426 1426 1426 1427 1428 1430 1350 1350 1431 1431 1350 1350 1349 1349 1429 1509 1509 1508 1508 1508 1508 1510 1431 1351 1352 1433 1351 1352 1352 1352 1353 1354 1353 1353 1353 1353 1353
1347 1347 1347 1347 1265 1266 1183 1183 1184 1184 1268 1269 1269 1269 1268 1267 1348 1265 1264 1345 1505 1506 1506 1506 1427 1427 1427 1347 1347 1348 1348 1347 1347 1347 1347 1347 1347 1347 1347 1427 1426 1426 1427 1426 1426 1426 1426 1426 1426 1427 1428 1429 1350 1351 1350 1431 1430 1350 1350 1350 1350 1349 1350 1350 1349 1508 1506 1506 1508 1509 1431 1432 1432 1432 1433 1433 1433 1353 1354 1354 1354 1353 1353 1354
1265 1265 1265 1347 1265 1265 1266 1266 1183 1267 1267 1350 1350 1350 1268 1349 1348 1347 1264 1344 1505 1426 1426 1426 1427 1427 1346 1347 1347 1266 1265 1347 1347 1348 1348 1347 1347 1428 1507 1506 1506 1507 1427 1427 1427 1427 1508 1428 1428 1429 1509 1510 1431 1431 1431 1430 1430 1349 1350 1350 1350 1351 1269 1269 1350 1429 1428 1508 1508 1508 1508 1510 1511 1432 1433 1433 1433 1353 1354 1354 1354 1353 1354 1354
1265 1265 1346 1346 1346 1347 1347 1265 1266 1266 1348 1430 1430 1430 1429 1349 1349 1348 1427 1505 1505 1507 1507 1427 1427 1427 1346 1265 1265 1266 1266 1348 1266 1348 1349 1349 1429 1427 1426 1426 1426 1427 1427 1428 1428 1509 1509 1509 1509 1429 1509 1509 1509 1588 1509 1430 1430 1349 1350 1350 1350 1350 1351 1350 1349 1349 1429 1429 1429 1428 1508 1509 1511 1432 1432 1432 1432 1352 1353 1353 1353 1353 1353 1354
1265 1346 1346 1346 1346 1346 1346 1265 1265 1265 1348 1349 1349 1348 1429 1430 1430 1429 1508 1507 1507 1507 1508 1429 1429 1347 1347 1348 1348 1348 1267 1266 1348 1349 1349 1349 1428 1426 1426 1427 1427 1427 1428 1509 1509 1509 1509 1508 1508 1429 1429 1508 1508 1586 1507 1428 1429 1430 1430 1431 1431 1431 1431 1510 1430 1430 1349 1348 1348 1348 1429 1510 1510 1430 1431 1431 1431 1432 1351 1351 1433 1433 1353 1354
1346 1346 1346 1346 1346 1346 1346 1346 1265 1265 1348 1349 1349 1350 1431 1431 1430 1429 1508 1586 1586 1508 1429 1430 1430 1429 1429 1429 1429 1349 1350 1350 1350 1349 1348 1428 1427 1427 1507 1508 1507 1507 1508 1587 1587 1587 1587 1587 1509 1509 1508 1508 1508 1587 1586 1586 1508 1429 1430 1431 1431 1431 1430 1510 1429 1429 1348 1348 1348 1348 1429 1510 1510 1510 1510 1511 1511 1511 1432 1432 1433 1433 1353 1353
1346 1346 1346 1347 1346 1346 1346 1346 1347 1347 1429 1430 1430 1431 1511 1510 1510 1510 1509 1587 1587 1509 1429 1510 1510 1430 1430 1429 1429 1349 1350 1351 1350 1429 1428 1507 1586 1586 1586 1587 1587 1509 1509 1588 1588 1587 1587 1588 1510 1510 1509 1509 1588 1588 1588 1509 1509 1430 1429 1429 1429 1430 1430 1430 1430 1430 1350 1349 1349 1348 1349 1431 1511 1510 1510 1510 1510 1511 1431 1431 1432 1433 1434 1353
2442 1346 1346 1346 1265 1346 1345 1345 1264 1346 1428 1429 1429 1431 1431 1431 1431 1431 1511 1509 1508 1509 1429 1429 1429 1430 1430 1430 1430 1268 1350 1431 1431 1430 1510 1588 1588 1588 1588 1588 1589 1511 1511 1589 1589 1588 1509 1510 1510 1510 1510 1588 1588 1588 1588 1509 1430 1430 1430 1509 1509 1509 1510 1510 1510 1431 1350 1351 1350 1431 1431 1432 1431 1430 1509 1509 1509 1510 1431 1431 1432 1432 1433 1352
1346 1346 1346 1345 1345 1426 1426 1345 1263 1346 1347 1349 1349 1431 1512 1432 1432 1432 1511 1510 1509 1509 1509 1429 1429 1430 1430 1350 1350 1269 1352 1432 1432 1512 1512 1590 1589 1667 1589 1589 1590 1511 1512 1511 1511 1510 1510 1510 1510 1510 1590 1590 1510 1588 1588 1588 1509 1430 1510 1509 1509 1508 1508 1508 1509 1430 1350 1350 1432 1432 1433 1432 1431 1510 1509 1509 1509 1509 1510 1431 1432 1432 1432 1352
1346 1346 1346 1345 1345 1426 1426 1345 1263 1346 1347 1349 1349 1431 1512 1432 1432 1432 1511 1510 1509 1509 1509 1429 1429 1430 1430 1350 1350 1269 1352 1432 1432 1512 1512 1590 1589 1667 1589 1589 1590 1511 1512 1511 1511 1510 1510 1510 1510 1510 1590 1590 1510 1588 1588 1588 1509 1430 1510 1509 1509 1508 1508 1508 1509 1430 1350 1350 1432 1432 1433 1432 1431 1510 1509 1509 1509 1509 1510 1431 1432 1432 1432 1352
1347 1347 1347 1265 1265 1346 1345 1345 1345 1346 1347 1349 1349 1431 1511 1511 1511 1511 1511 1510 1509 1509 1509 1510 1431 1432 1351 1351 1351 1351 1431 1511 1591 1591 1591 1590 1667 1667 1589 1590 1511 1512 1512 1511 1511 1511 1511 1511 1511 1511 1591 1511 1510 1588 1589 1510 1509 1429 1429 1509 1509 1508 1587 1508 1508 1509 1430 1431 1432 1433 1433 1432 1431 1510 1588 1587 1587 1665 1589 1590 1512 1432 1432 1352
1347 1347 1347 1265 1345 1345 1345 1346 1346 1346 1347 1349 1349 1430 1509 1509 1510 1510 1510 1510 1509 1429 1429 1430 1430 1430 1430 1510 1510 1510 1511 1590 1589 1589 1589 1589 1589 1589 1589 1511 1511 1511 1511 1511 1511 1511 1511 1589 1510 1510 1589 1511 1510 1509 1588 1587 1509 1429 1429 1429 1429 1508 1587 1586 1507 1508 1510 1512 1513 1433 1433 1432 1511 1510 1509 1587 1587 1665 1666 1589 1511 1432 1432 1352
1347 1347 1347 2442 1346 1346 1346 1265 1265 1266 1266 1348 1348 1429 1428 1508 1508 1508 1509 1509 1429 1428 1429 1429 1429 1429 1509 1588 1588 1666 1666 1666 1588 1588 1509 1588 1667 1589 1590 1511 1511 1510 1510 1510 1510 1511 1589 1588 1509 1510 1590 1511 1510 1509 1587 1664 1587 1428 1428 1428 1428 1509 1508 1587 1587 1587 1509 1511 1432 1432 1432 1432 1512 1511 1510 1510 1510 1589 1589 1589 1511 1512 1433 1353
1427 1347 2442 1426 1427 1346 1265 1265 1266 1267 1267 1348 1348 1428 1428 1508 1508 1508 1508 1508 1509 1509 1510 1430 1430 1509 1588 1666 1666 1666 1665 1665 1664 1587 1588 1588 1667 1668 1590 1511 1510 1510 1431 1431 1431 1511 1589 1589 1589 1589 1511 1511 1510 1587 1587 1586 1586 1508 1508 1508 1508 1509 1510 1589 1589 1588 1510 1431 1432 1351 1431 1511 1512 1511 1510 1510 1510 1589 1589 1589 1589 1511 1433 1353
1427 1347 1347 1346 1427 1428 1347 1266 1267 1183 1267 1348 1348 1428 1428 1508 1508 1508 1509 1510 1510 1511 1511 1510 1589 1588 1588 1588 1588 1587 1587 1587 1587 1587 1587 1666 1667 1668 1590 1512 1512 1431 1430 1430 1430 1430 1511 1512 1511 1511 1511 1431 1510 1588 1587 1587 1508 1508 1509 1509 1509 1510 1511 1511 1431 1431 1431 1431 1431 1431 1511 1511 1511 1511 1510 1589 1589 1589 1666 1588 1589 1511 1432 1353
1347 1348 1347 1347 1347 1347 1347 1266 1183 1184 1268 1267 1267 1349 1429 1428 1428 1428 1509 1510 1510 1510 1590 1511 1589 1589 1588 1588 1588 1587 1587 1587 1587 1587 1588 1589 1590 1590 1512 1512 1511 1430 1430 1430 1430 1430 1431 1432 1511 1511 1431 1431 1510 1510 1589 1589 1510 1431 1431 1431 1431 1432 1431 1431 1350 1350 1349 1430 1430 1431 1511 1511 1589 1589 1588 1509 1509 1588 1588 1588 1589 1510 1432 1353
1348 1348 1347 1347 1347 1347 1347 1266 1267 1267 1268 1268 1268 1349 1348 1428 1428 1428 1509 1510 1510 1511 1590 1668 1589 1589 1588 1588 1588 1587 1587 1587 1587 1589 1590 1512 1512 1512 1512 1512 1511 1510 1430 1430 1430 1430 1510 1511 1511 1511 1430 1430 1430 1511 1512 1512 1432 1433 1353 1433 1433 1432 1431 1350 1350 1349 1430 1510 1510 1510 1511 1589 1589 1666 1588 1509 1509 1509 1510 1511 1511 1511 1512 1434
1428 1428 1347 1347 1347 1347 1347 1347 1348 1349 1349 1267 1267 1348 1347 1428 1508 1428 1429 1510 1511 1511 1590 1590 1589 1588 1588 1588 1588 1588 1588 1588 1588 1590 1512 1513 1512 1512 1512 1512 1511 1431 1432 1431 1431 1431 1511 1510 1510 1509 1430 1430 1431 1432 1432 1352 1433 1352 1353 1272 1272 1272 1271 1353 1352 1431 1430 1510 1510 1589 1590 1589 1666 1666 1588 1509 1509 1510 1511 1512 1512 1591 1512 1513
1428 1428 1428 1347 1347 1347 1347 1347 1347 1348 1349 1349 1349 1349 1430 1511 1510 1509 1509 1510 1431 1431 1432 1511 1589 1588 1588 1588 1588 1588 1589 1589 1589 1590 1591 1590 1512 1512 1512 1432 1351 1431 1431 1431 1431 1431 1431 1510 1510 1430 1430 1431 1510 1431 1351 1352 1271 1270 1271 1272 1272 1354 1434 1434 1433 1432 1431 1431 1510 1510 1510 1589 1589 1589 1589 1589 1589 1589 1589 1589 1668 1669 1669 1592
1428 1428 1428 1347 1347 1347 1428 1347 1428 1428 1348 1348 1348 1348 1430 1511 1510 1510 1510 1510 1432 1352 1432 1511 1589 1588 1588 1509 1509 1589 1590 1590 1589 1511 1590 1590 1511 1512 1432 1432 1351 1350 1350 1431 1431 1431 1430 1430 1430 1349 1350 1351 1432 1431 1431 1351 1352 1353 1352 1434 1434 1434 1434 1433 1433 1433 1432 1431 1431 1511 1510 1510 1589 1589 1589 1667 1667 1667 1667 1667 1745 1669 1592 1592
1428 1428 1347 1347 1347 1428 1427 1427 1347 1428 1348 1348 1348 1348 1510 1589 1510 1510 1511 1512 1433 1352 1433 1512 1590 1590 1510 1511 1511 1511 1590 1590 1510 1510 1510 1511 1511 1511 1511 1431 1351 1352 1351 1431 1431 1432 1431 1430 1349 1350 1351 1351 1432 1431 1511 1511 1511 1512 1512 1432 1432 1432 1433 1433 1433 1433 1432 1432 1431 1511 1510 1589 1589 1590 1668 1667 1667 1667 1744 1745 1745 1669 1592 1592
1428 1347 1347 1347 1428 1427 1427 1427 1427 1427 1508 1508 1508 1509 1510 1589 1510 1511 1512 1433 1352 1352 1432 1590 1590 1590 1511 1511 1511 1511 1510 1510 1510 1510 1589 1511 1511 1431 1431 1351 1352 1270 1351 1350 1350 1350 1350 1430 1430 1430 1510 1510 1589 1589 1589 1511 1511 1590 1511 1432 1432 1432 1432 1433 1433 1433 1432 1432 1511 1511 1589 1589 1590 1590 1668 1668 1668 1745 1745 1745 1746 1670 1593 1592
1507 1347 1347 1427 1427 1507 1427 1427 1427 1427 1508 1508 1508 1508 1508 1588 1590 1512 1433 1352 1352 1351 1511 1589 1590 1590 1590 1511 1511 1511 1510 1510 1510 1510 1510 1510 1431 1431 1432 1351 1351 1350 1350 1350 1350 1350 1431 1431 1510 1510 1589 1590 1590 1590 1590 1512 1512 1511 1590 1512 1512 1432 1432 1432 1512 1432 1432 1511 1511 1589 1667 1667 1590 1668 1668 1668 1668 1668 1668 1668 1668 1669 1592 1592
1507 1427 1426 1426 1427 1507 1507 1507 1427 1428 1508 1508 1508 1508 1587 1588 1590 1512 1433 1352 1270 1351 1511 1511 1510 1430 1430 1430 1430 1430 1430 1430 1429 1510 1510 1589 1510 1431 1431 1431 1350 1350 1430 1431 1431 1431 1511 1510 1589 1589 1590 1590 1511 1590 1511 1512 1591 1590 1590 1511 1511 1511 1511 1511 1511 1511 1510 1510 1589 1589 1589 1590 1668 1667 1668 1668 1668 1668 1668 1590 1591 1591 1591 1591
1507 1426 1425 1344 1426 1426 1427 1427 1427 1428 1508 1508 1508 1508 1509 1511 1513 1432 1352 1352 1352 1432 1511 1510 1510 1429 1430 1430 1430 1430 1429 1429 1509 1509 1509 1509 1509 1430 1430 1430 1431 1431 1430 1510 1510 1511 1589 1589 1589 1590 1589 1510 1510 1589 1667 1589 1589 1589 1589 1590 1590 1511 1511 1512 1511 1511 1511 1589 1589 1589 1590 1590 1590 1668 1667 1588 1588 1588 1589 1590 1668 1668 1667 1667
