1. mHM/Maipo Basin 5710001/morph/soil_class_horizon_02.asc
ncols        384
nrows        768
xllcorner    -70.500000000000
yllcorner    -34.500000000000
cellsize     0.001953125000
NODATA_value -9999
[rows 304 to 341 of 768, columns 168 to 251 of 384]
1583 1583 1583 1582 1582 1582 1660 1661 1583 1583 1661 1660 1660 1660 1660 1659 1659 1582 1582 1660 1661 1662 1662 1584 1505 1425 1265 1267 1184 1184 1184 1184 1184 1268 1267 1266 1265 1346 1345 1345 1426 1426 1345 1345 1345 1345 1346 1427 1427 1426 1426 1426 1505 1505 1505 1426 1427 1347 1265 1265 1346 1347 1346 1428 1428 1428 1348 1348 1348 1265 1346 1345 1344 1344 1344 1425 1505 1505 1505 1505 1505 1505 1584 1584
1583 1503 1503 1503 1582 1660 1661 1583 1584 1583 1583 1582 1582 1660 1659 1659 1659 1660 1660 1660 1661 1662 1662 1584 1505 1426 1346 1266 1184 1184 1101 1184 1184 1268 1267 1266 1347 1264 1346 1345 1345 1345 1345 1345 1426 1426 1426 1507 1507 1507 1507 1507 1507 1427 1427 1428 1347 1347 1347 1346 1346 1346 1427 1427 1427 1347 1348 1348 1348 1428 1346 1345 1344 1424 1425 1425 1425 1426 1426 1426 1426 1505 1584 1584
1583 1503 1503 1503 1582 1660 1661 1583 1584 1583 1583 1582 1582 1660 1659 1659 1659 1660 1660 1660 1661 1662 1662 1584 1505 1426 1346 1266 1184 1184 1101 1184 1184 1268 1267 1266 1347 1264 1346 1345 1345 1345 1345 1345 1426 1426 1426 1507 1507 1507 1507 1507 1507 1427 1427 1428 1347 1347 1347 1346 1346 1346 1427 1427 1427 1347 1348 1348 1348 1428 1346 1345 1344 1424 1425 1425 1425 1426 1426 1426 1426 1505 1584 1584
1581 1582 1503 1503 1504 1583 1584 1584 1584 1584 1584 1583 1583 1660 1660 1660 1660 1660 1660 1661 1661 1662 1584 1585 1506 1426 1346 1266 1183 1184 1184 1184 1184 1184 1267 1347 1346 1346 1346 1345 1345 1345 1345 1345 1426 1426 1426 1507 1507 1507 1507 1507 1427 1347 1348 1347 1347 1347 1428 1346 1427 1427 1427 1427 1427 1428 1348 1348 1347 1346 1426 1425 1343 1424 1425 1425 1426 1426 1345 1427 1427 1426 1505 1505
1660 1582 1582 1583 1505 1505 1584 1585 1585 1585 1506 1584 1583 1661 1660 1660 1660 1661 1660 1661 1661 1584 1584 1585 1507 1427 1346 1266 1267 1267 1267 1267 1267 1267 1265 1346 1346 1346 1346 1345 1426 1426 1426 1506 1506 1426 1426 1426 1426 1427 1427 1427 1347 1347 1348 1347 1347 1347 1427 1427 1427 1428 1428 1508 1508 1508 1427 1346 1346 1346 1426 1425 1424 1424 1425 1426 1427 1346 1345 1345 1345 1425 1504 1425
1659 1660 1661 1583 1505 1505 1585 1585 1663 1585 1506 1584 1662 1661 1660 1661 1661 1583 1582 1583 1583 1584 1585 1507 1427 1427 1347 1266 1267 1267 1267 1267 1267 1266 1347 1346 1345 1345 1345 1426 1426 1426 1506 1505 1506 1426 1426 1426 1426 1426 1427 1346 1347 1347 1347 1428 1347 1347 1428 1428 1428 1508 1508 1508 1508 1507 1427 1426 1344 1345 1344 1425 1425 1425 1344 1345 1346 1346 1346 1345 1345 1426 1426 1426
1660 1661 1662 1584 1506 1585 1585 1507 1586 1586 1586 1584 1662 1661 1582 1582 1582 1583 1583 1583 1583 1505 1506 1426 1426 1426 1427 1347 1266 1268 1268 1267 1267 1265 1347 1346 1345 1426 1426 1345 1426 1505 1505 1505 1506 1506 1426 1426 1426 1426 1427 1346 1346 1346 1427 1427 1428 1428 1428 1428 1347 1428 1428 1428 1428 1427 1426 1344 1344 1345 1344 1344 1425 1425 1345 1346 1347 1346 1427 1346 1346 1346 1426 1427
1661 1661 1584 1585 1585 1506 1506 1506 1506 1507 1507 1506 1585 1584 1583 1583 1583 1583 1583 1583 1505 1505 1505 1505 1505 1425 1426 1427 1348 1268 1268 1267 1267 1348 1346 1346 1426 1426 1426 1426 1425 1425 1425 1425 1426 1506 1426 1426 1426 1426 1426 1346 1427 1427 1427 1427 1427 1428 1347 1428 1428 1429 1428 1427 1427 1427 1346 1345 1345 1345 1344 1425 1425 1425 1345 1346 1347 1427 1426 1426 1426 1426 1426 1507
1661 1661 1662 1584 1584 1505 1506 1506 1427 1427 1507 1507 1507 1507 1585 1583 1583 1583 1583 1583 1505 1425 1505 1505 1505 1425 1426 1427 1348 1348 1349 1348 1348 1347 1346 1345 1426 1425 1425 1425 1425 1425 1425 1426 1426 1426 1426 1426 1426 1427 1427 1346 1347 1347 1427 1427 1427 1427 1428 1429 1428 1428 1428 1428 1428 1428 1346 1345 1345 1345 1345 1344 1344 1344 1345 1345 1427 1427 1427 1507 1507 1427 1508 1508
1662 1662 1662 1584 1505 1504 1583 1584 1506 1506 1506 1506 1586 1586 1585 1584 1584 1584 1505 1424 1425 1425 1506 1506 1506 1506 1427 1428 1429 1429 1348 1428 1428 1346 1346 1345 1345 1344 1425 1425 1425 1425 1426 1427 1426 1426 1426 1427 1427 1427 1427 1428 1347 1347 1346 1427 1427 1427 1428 1428 1428 1428 1428 1428 1428 1428 1427 1426 1345 1345 1425 1345 1345 1345 1345 1264 1346 1427 1428 1428 1428 1428 1428 1428
1662 1662 1663 1584 1504 1583 1583 1584 1506 1506 1506 1585 1584 1585 1663 1584 1584 1505 1425 1425 1425 1426 1426 1506 1507 1507 1427 1429 1429 1429 1428 1427 1427 1427 1345 1345 1345 1345 1425 1425 1426 1426 1427 1427 1427 1427 1427 1428 1428 1428 1427 1346 1346 1346 1427 1427 1508 1507 1427 1427 1427 1427 1428 1428 1428 1428 1507 1506 1344 1344 1344 1425 1344 1345 1346 1347 1428 1508 1428 1428 1428 1429 1509 1509
1662 1662 1585 1584 1583 1583 1584 1505 1505 1506 1506 1584 1584 1662 1662 1662 1662 1583 1504 1424 1425 1425 1506 1507 1507 1507 1428 1429 1429 1508 1427 1506 1506 1427 1427 1346 1345 1345 1425 1426 1426 1426 1427 1427 1427 1427 1427 1428 1428 1428 1347 1347 1428 1428 1428 1508 1509 1429 1508 1427 1427 1427 1427 1426 1426 1426 1506 1506 1344 1344 1345 1426 1345 1345 1346 1347 1428 1507 1508 1509 1509 1429 1509 1510
1661 1662 1662 1584 1505 1505 1583 1504 1505 1506 1506 1585 1663 1662 1739 1661 1661 1583 1583 1504 1504 1505 1506 1507 1507 1507 1428 1428 1428 1428 1427 1507 1507 1426 1427 1427 1426 1345 1425 1426 1506 1507 1507 1507 1507 1508 1428 1428 1428 1428 1428 1428 1428 1429 1429 1430 1430 1430 1509 1427 1427 1427 1427 1426 1426 1426 1426 1426 1425 1426 1426 1426 1426 1346 1347 1347 1428 1508 1508 1509 1509 1429 1430 1431
1661 1583 1661 1583 1504 1424 1425 1504 1584 1584 1584 1585 1663 1662 1738 1661 1661 1582 1582 1582 1583 1584 1506 1506 1507 1507 1508 1508 1428 1428 1428 1427 1427 1426 1427 1427 1427 1426 1425 1426 1506 1507 1507 1507 1508 1508 1508 1428 1428 1428 1429 1429 1349 1430 1430 1430 1430 1430 1429 1428 1428 1427 1427 1427 1427 1427 1426 1426 1425 1426 1345 1345 1344 1426 1427 1507 1586 1507 1509 1429 1429 1430 1430 1350
1661 1661 1582 1504 1424 1424 1425 1505 1505 1584 1583 1583 1584 1661 1660 1660 1660 1660 1660 1582 1582 1584 1584 1505 1507 1508 1509 1509 1428 1428 1428 1427 1427 1426 1427 1427 1427 1507 1427 1505 1506 1507 1507 1428 1428 1427 1507 1508 1508 1508 1429 1429 1429 1429 1509 1429 1429 1429 1429 1348 1428 1508 1507 1507 1507 1507 1506 1425 1425 1345 1345 1345 1426 1506 1586 1586 1586 1507 1509 1430 1430 1431 1351 1270
1583 1582 1582 1504 1425 1425 1425 1425 1505 1583 1583 1582 1582 1582 1660 1660 1660 1660 1660 1582 1582 1583 1584 1585 1507 1508 1509 1509 1428 1429 1428 1427 1427 1426 1427 1427 1507 1507 1507 1426 1505 1506 1507 1427 1427 1427 1427 1427 1427 1427 1427 1427 1427 1507 1508 1508 1509 1429 1348 1348 1428 1347 1427 1507 1507 1427 1427 1426 1427 1347 1347 1427 1427 1507 1586 1587 1587 1508 1509 1431 1431 1352 1352 1270
1583 1583 1583 1503 1424 1424 1424 1425 1505 1505 1583 1582 1582 1582 1660 1660 1660 1583 1582 1582 1583 1585 1585 1506 1507 1508 1428 1428 2442 1429 1428 1507 1507 1506 1427 1427 1427 1507 1507 1426 1505 1506 1507 1427 1426 1426 1426 1506 1506 1426 1426 1427 1507 1507 1507 1508 1508 1508 1428 1428 1347 1347 1428 1428 1428 1428 1428 1428 1428 1348 1348 1428 1428 1508 1508 1509 1509 1510 1431 1351 1351 1352 1352 1433
1583 1583 1504 1423 1423 1424 1424 1425 1425 1505 1504 1583 1583 1583 1583 1583 1583 1582 1583 1505 1506 1508 1428 1507 1507 1508 1428 1429 1429 1429 1508 1507 1507 1507 1427 1427 1427 1506 1507 1427 1507 1506 1506 1426 1425 1425 1426 1426 1426 1426 1426 1427 1428 1507 1586 1508 1428 1429 1429 1429 1429 1430 1430 1430 1430 1430 1430 1429 1430 1350 1350 1349 1429 1429 1430 1431 1431 1432 1432 1432 1432 1432 1432 1432
1583 1583 1504 1423 1423 1424 1424 1425 1425 1505 1504 1583 1583 1583 1583 1583 1583 1582 1583 1505 1506 1508 1428 1507 1507 1508 1428 1429 1429 1429 1508 1507 1507 1507 1427 1427 1427 1506 1507 1427 1507 1506 1506 1426 1425 1425 1426 1426 1426 1426 1426 1427 1428 1507 1586 1508 1428 1429 1429 1429 1429 1430 1430 1430 1430 1430 1430 1429 1430 1350 1350 1349 1429 1429 1430 1431 1431 1432 1432 1432 1432 1432 1432 1432
1583 1583 1503 1423 1423 1423 1504 1425 1425 1425 1504 1504 1425 1424 1504 1504 1504 1504 1504 1506 1508 1429 1429 1509 1508 1587 1509 1429 1429 1509 1508 1586 1586 1507 1507 1508 1508 1508 1508 1508 1508 1508 1506 1425 1425 1506 1506 1506 1506 1426 1427 1428 1428 1508 1587 1509 1510 1511 1431 1431 1431 1432 1351 1351 1351 1351 1350 1350 1351 1352 1270 1351 1350 1350 1351 1352 1433 1432 1512 1511 1511 1432 1432 1432
1661 1582 1503 1423 1423 1503 1504 1505 1425 1425 1505 1425 1425 1425 1505 1505 1505 1504 1505 1507 1509 1510 1510 1509 1587 1587 1509 1430 1510 1429 1508 1586 1586 1507 1507 1508 1508 1508 1508 1508 1508 1508 1506 1506 1506 1586 1586 1507 1507 1506 1426 1427 1428 1508 1509 1510 1511 1432 1433 1352 1269 1269 1269 1269 1269 1269 1270 1270 1271 1272 1272 1353 1353 1353 1353 1352 1432 1512 1511 1511 1511 1512 1432 1432
1661 1582 1503 1504 1503 1503 1504 1504 1504 1505 1505 1505 1426 1426 1425 1425 1425 1504 1506 1587 1509 1509 1510 1510 1589 1589 1589 1510 1510 1509 1508 1507 1507 1507 1508 1508 1508 1508 1508 1508 1508 1508 1507 1507 1585 1586 1586 1508 1508 1508 1507 1507 1508 1509 1510 1431 1351 1351 1351 1351 1352 1270 1270 1270 1270 1271 1188 1189 1189 1273 1273 1272 1353 1353 1353 1352 1432 1512 1512 1432 1432 1432 1432 1432
1583 1582 1582 1504 1504 1503 1504 1504 1505 1504 1504 1505 1426 1426 1425 1424 1424 1505 1585 1587 1588 1588 1510 1511 1590 1590 1590 1588 1588 1509 1509 1508 1508 1507 1507 1508 1508 1508 1508 1508 1508 1508 1428 1507 1586 1586 1508 1508 1508 1509 1509 1509 1509 1510 1431 1350 1351 1351 1351 1351 1351 1352 1352 1270 1270 1272 1188 1189 1273 1273 1273 1272 1271 1271 1271 1352 1432 1512 1512 1432 1432 1431 1432 1432
1660 1582 1582 1504 1504 1424 1504 1504 1504 1504 1504 1424 1424 1424 1504 1583 1583 1584 1664 1665 1666 1666 1589 1589 1589 1590 1590 1587 1587 1587 1509 1429 1429 1507 1586 1586 1508 1508 1508 1508 1428 1429 1429 1508 1587 1587 1509 1510 1510 1510 1510 1431 1431 1431 1351 1351 1351 1351 1351 1269 1269 1269 1351 1352 1352 1272 1188 1272 1272 1354 1272 1272 1271 1271 1352 1352 1512 1511 1511 1431 1431 1431 1431 1431
1737 1660 1582 1504 1424 1424 1504 1504 1504 1504 1504 1504 1503 1503 1582 1582 1582 1662 1664 1665 1665 1665 1665 1589 1589 2442 2442 1510 1510 1588 1509 1509 1509 1508 1587 1586 1508 1508 1508 1429 1429 1429 1430 1510 1588 1588 1510 1511 1511 1511 1431 1351 1431 1431 1351 1352 1352 1352 1269 1269 1269 1269 1268 1268 1268 1272 1188 1272 1353 1353 1351 1431 1351 1352 1433 1432 1510 1509 1429 1429 1429 1430 1430 1431
1737 1737 1660 1503 1503 1503 1504 1504 1583 1583 1582 1582 1503 1503 1583 1583 1583 1663 1664 1665 1665 1665 1665 2442 2442 2442 2442 1589 1589 1589 1588 1588 1588 1587 1586 1586 1507 1508 1429 1429 1430 1430 1430 1510 1510 1510 1511 1511 1511 1511 2442 2442 1431 1350 1351 1352 1352 1352 1269 1269 1269 1268 1268 1268 1268 1431 1431 1351 1352 1352 1351 1431 1432 1432 1432 1431 1510 1509 1508 1508 1508 1508 1509 1429
1659 1736 1659 1582 1582 1503 1503 1503 1583 1583 1583 1582 1503 1504 1584 1663 1663 1664 1664 1665 1588 1588 2442 2442 2442 2442 1510 1510 1589 1588 1588 1587 1587 1665 1587 1587 1508 1429 1429 1429 1510 1510 1430 1510 1510 1510 2442 2442 2442 2442 2442 2442 2442 2442 2442 2442 2442 2442 1267 1267 1268 1268 1185 1268 1268 1350 1431 1351 1352 1352 1351 1432 1432 1432 1431 1430 1509 1587 1587 1587 1587 1587 1587 1508
1735 1659 1659 1581 1582 1582 1582 1582 1583 1504 1583 1582 1583 1505 1585 1586 1586 1664 1665 1588 1588 1588 2442 2442 2442 2442 1588 1588 1588 1588 1588 1665 1665 1665 1588 1509 1509 1430 1430 1430 1430 1431 2442 2442 2442 2442 2442 2442 2442 2442 2442 2442 2442 2442 2442 2442 2442 2442 1267 1267 1268 1269 1185 1269 1269 1351 1351 1351 1351 1351 1350 1431 1431 1431 1431 1510 1588 1587 1586 1586 1586 1585 1585 1507
1659 1659 1659 1581 1582 1582 1582 1503 1582 1583 1583 1583 1583 1584 1586 1587 1587 1587 1664 1587 1588 1589 2442 2442 2442 2442 1509 1509 1588 1588 1588 1588 1588 1588 1588 1510 1511 1430 1431 1431 1431 1431 2442 2442 2442 2442 2442 2442 2442 2442 2442 2442 2442 2442 1272 1272 1188 1187 1270 1269 1270 1186 1270 1270 1270 1353 1353 1353 1352 1350 1350 1431 1350 1431 1510 1509 1587 1586 1585 1584 1584 1584 1505 1506
1659 1659 1659 1581 1581 1581 1503 1503 1583 1583 1583 1584 1584 1585 1587 1587 1587 1587 1586 1586 1587 1587 2442 2442 2442 2442 1509 1509 1508 1587 1588 1588 1588 1588 1510 1511 1511 1511 1431 1431 1431 1431 2442 2442 2442 2442 2442 2442 2442 2442 1434 1354 1274 1273 1272 1272 1188 1188 1187 1187 1187 1188 1272 1354 1354 1354 1354 1353 1352 1431 1430 1430 1430 1430 1509 1508 1507 1585 1584 1584 1584 1505 1505 1506
1659 1659 1659 1659 1581 1581 1581 1582 1583 1583 1583 1583 1584 1585 1586 1587 1587 1587 1664 1665 1588 1509 1509 2442 2442 2442 1509 1510 1510 1589 1588 1588 1588 1509 1509 1510 1430 1430 1431 1431 1430 1430 1430 2442 2442 2442 2442 1355 1355 1355 1354 1354 1273 1273 1272 1272 1272 1188 1188 1271 1271 1352 1353 1353 1353 1353 1353 1352 1352 1432 1431 1510 1509 1508 1508 1507 1506 1585 1584 1505 1505 1505 1506 1506
1659 1658 1658 1659 1659 1581 1581 1581 1582 1582 1582 1582 1583 1584 1586 1587 1587 1587 1664 1740 1740 1664 1664 2442 2442 2442 2442 1510 1510 1510 1509 1509 1509 1508 1509 1429 1430 1430 1430 1509 1429 1430 1430 2442 2442 2442 1271 1271 1271 1272 1273 1273 1189 1272 1272 1272 1272 1272 1272 1272 1353 1351 1432 1432 1432 1432 1433 1433 1351 1431 1511 1509 1587 1586 1506 1506 1506 1506 1584 1584 1584 1506 1426 1506
1736 1659 1659 1736 1736 1659 1659 1581 1581 1502 1581 1581 1582 1583 1584 1585 1585 1586 1664 1663 1740 1664 1665 1588 2442 2442 1348 1348 1430 1430 1429 1508 1508 1508 1508 1509 1430 1349 1348 1348 1348 1349 1349 2442 2442 1352 1271 1271 1271 1272 1272 1188 1188 1271 1271 1353 1354 1354 1355 1355 1272 1271 1352 1351 1351 1431 1431 1431 1430 1429 1509 1586 1585 1584 1505 1505 1505 1584 1583 1584 1584 1505 1505 1506
1659 1659 1659 1659 1659 1735 1658 1581 1581 1502 1581 1582 1582 1582 1583 1662 1662 1663 1740 1663 1664 1664 1664 1664 2442 2442 1348 1348 1348 1348 1429 1429 1429 1508 1508 1508 1429 1429 1348 1348 1348 1349 1349 1509 1588 1511 1352 1352 1352 1271 1271 1270 1270 1352 1269 1352 1353 1353 1272 1272 1272 1271 1270 1268 1268 1349 1429 1429 1428 1427 1427 1506 1584 1583 1583 1583 1583 1582 1583 1505 1505 1505 1505 1505
1659 1659 1659 1659 1659 1735 1658 1581 1581 1502 1581 1582 1582 1582 1583 1662 1662 1663 1740 1663 1664 1664 1664 1664 2442 2442 1348 1348 1348 1348 1429 1429 1429 1508 1508 1508 1429 1429 1348 1348 1348 1349 1349 1509 1588 1511 1352 1352 1352 1271 1271 1270 1270 1352 1269 1352 1353 1353 1272 1272 1272 1271 1270 1268 1268 1349 1429 1429 1428 1427 1427 1506 1584 1583 1583 1583 1583 1582 1583 1505 1505 1505 1505 1505
1659 1659 1659 1658 1658 1658 1735 1658 1581 1582 1581 1581 1658 1580 1582 1583 1583 1583 1661 1739 1740 1663 1664 1587 1430 1350 1349 1348 1348 1348 1430 1429 1429 1429 1509 1430 1430 1430 1349 1349 1349 1349 1430 1509 1509 1430 1432 1351 1351 1270 1270 1270 1270 1270 1270 1270 1270 1270 1271 1270 1185 1185 1184 1182 1182 1265 1428 1428 1427 1427 1426 1505 1504 1504 1504 1504 1504 1503 1503 1504 1504 1505 1505 1505
1659 1659 1659 1659 1658 1658 1735 1735 1659 1582 1581 1581 1581 1581 1581 1582 1582 1582 1661 1662 1662 1663 1586 1508 1430 1350 1350 1349 1348 1348 1348 1429 1429 1429 1429 1430 1430 1429 1349 1349 1349 1429 1429 1429 1430 1349 1350 1350 1350 1350 1350 1351 1269 1269 1268 1269 1269 1269 1268 1183 1183 1183 1182 1181 1181 1264 1265 1265 1346 1346 1426 1425 1425 1424 1425 1424 1424 1425 1504 1424 1424 1344 1345 1345
1736 1659 1659 1659 1658 1658 1735 1658 1659 1582 1582 1503 1581 1581 1581 1582 1582 1583 1583 1662 1662 1663 1587 1588 1510 1430 1430 1430 1349 1349 1429 1348 1348 1429 1429 1347 1347 1429 1349 1349 1429 1509 1509 1429 1349 1349 1349 1349 1349 1349 1349 1430 1349 1267 1267 1267 1267 1267 1267 1183 1183 1182 1182 1181 1181 1265 1265 1264 1264 1264 1263 1263 1344 1344 1425 1344 1263 1344 1344 1344 1344 1263 1263 1263
