1. mHM/Maipo Basin 5710001/morph/soil_class_horizon_03.asc
ncols        384
nrows        768
xllcorner    -70.500000000000
yllcorner    -34.500000000000
cellsize     0.001953125000
NODATA_value -9999
[rows 608 to 645 of 768, columns 168 to 251 of 384]
1507 1427 1426 1346 1346 1346 1346 1346 1346 2442 2442 2442 2442 2442 2442 1343 1343 1343 1343 1343 1343 1343 1424 1424 1423 1424 1504 1504 1504 1423 1424 1425 1425 1346 1346 1346 1346 1346 1346 1346 1347 1346 1346 1346 1346 1346 1345 1426 1426 1426 1426 1345 1345 1426 1425 1425 1425 1344 1344 1424 1423 1424 1344 1345 1345 1346 1346 1345 1345 1344 1425 1426 1426 1345 1265 1266 1182 1183 1183 1182 1182 1266 1267 1268
1427 1427 1426 1426 1426 1425 1505 1504 2442 2442 1424 1424 1423 1424 1424 1424 1424 1424 1424 1423 1424 1424 1424 1424 1424 1424 1424 1504 1503 1423 1424 1425 1425 1426 1426 1345 1344 1344 1344 1344 1426 1346 1345 1344 1263 1263 1263 1344 1344 1344 1345 1345 1263 1263 1424 1424 1425 1344 1344 1424 1503 1423 1343 1344 1344 1344 1344 1344 1425 1425 1425 1425 1426 1346 1265 1266 1183 1183 1182 1181 1181 1266 1267 1184
1427 1427 1426 1426 1426 1425 1505 1504 2442 2442 1424 1424 1423 1424 1424 1424 1424 1424 1424 1423 1424 1424 1424 1424 1424 1424 1424 1504 1503 1423 1424 1425 1425 1426 1426 1345 1344 1344 1344 1344 1426 1346 1345 1344 1263 1263 1263 1344 1344 1344 1345 1345 1263 1263 1424 1424 1425 1344 1344 1424 1503 1423 1343 1344 1344 1344 1344 1344 1425 1425 1425 1425 1426 1346 1265 1266 1183 1183 1182 1181 1181 1266 1267 1184
1427 1426 1426 1425 1505 1504 1504 1503 1422 1423 1424 1424 1423 1424 1424 1424 1424 1424 1424 1424 1424 1424 1424 1424 1424 1424 1423 1504 1504 1424 1423 1424 1424 1425 1425 1344 1343 1343 1343 1344 1344 1344 1344 1344 1344 1262 1262 1343 1343 1344 1345 1345 1346 1263 1424 1343 1343 1262 1344 1424 1423 1503 1424 1425 1425 1344 1344 1424 1423 1504 1425 1425 1426 1346 1265 1265 1182 1182 1182 1182 1182 1265 1265 1266
1506 1506 1506 1505 1504 1503 1503 1423 1422 1423 1423 1342 1424 1424 1425 1425 1425 1425 1425 1425 1424 1424 1424 1504 1424 1424 1424 1424 1424 1504 1424 1423 1423 1423 1423 1343 1343 1343 1343 1343 1344 1344 1344 1344 1425 1345 1345 1344 1344 1425 1426 1426 1426 2442 2442 1345 1345 1344 1344 1424 1423 1423 1504 1425 1425 1425 1425 1424 1504 1503 1504 1425 1426 1346 1346 1346 1265 1265 1265 1265 1265 1265 1265 1182
1506 1506 1505 1504 1504 1503 1503 1423 1423 1423 1423 1424 1425 1426 1426 1426 1426 1426 1426 1345 1345 1424 1504 1504 1425 1425 1425 1425 1425 1504 1504 1424 1424 1423 1423 1423 1343 1343 1343 1261 1344 1344 1343 1425 1426 1427 1427 1426 1426 1425 1425 1425 1425 1344 1344 1345 1345 1344 1262 1343 1423 1423 1424 1504 1504 1424 1424 1424 1504 1503 1504 1425 1426 1427 1346 1264 1264 1265 1265 1265 1265 1265 1266 1266
1506 1506 1505 1504 1504 1504 1424 1424 1424 1424 1505 1425 1425 1426 1425 1426 1426 1426 1427 1426 1426 1424 1424 1424 1424 1425 1425 1424 1504 1583 1503 1423 1423 1424 1424 1424 1343 1344 1344 1344 1344 1425 1425 1425 1427 1427 1427 1426 1426 1426 1426 1425 1344 1344 1344 1345 1345 1262 1262 1343 1423 1423 1424 1424 1424 1504 1504 1504 1504 1503 1424 1425 1505 1426 1264 1265 1265 1180 1264 1265 1265 1265 1265 1265
1584 1505 1505 1504 1504 1424 1424 1425 1426 1426 1506 1426 1426 1425 1425 1505 1505 1506 1426 1425 1425 1424 1504 1503 1504 1424 1424 1424 1504 1503 1503 1503 1503 1504 1425 1425 1425 1426 1346 1346 1346 1426 1425 1504 1505 1505 1506 1426 1426 1426 1425 1425 1425 1344 1261 1262 1262 1262 1262 1343 1423 1503 1424 1424 1424 1424 1504 1503 1504 1423 1423 1424 1425 1426 1347 1265 1265 1180 1264 1265 1265 1265 1265 1265
1585 1584 1584 1506 1506 1506 1506 1425 1426 1426 1426 1426 1426 1425 1504 1505 1505 1505 1505 1504 1505 1504 1504 1504 1504 1504 1504 1504 1504 1503 1503 1424 1424 1425 1425 1425 1505 1426 1346 1346 1264 1345 1425 1424 1425 1505 1506 1426 1426 1426 1346 1345 1344 1344 1344 1262 1262 1262 1262 1343 1503 1503 1503 1423 1423 1423 1503 1503 1503 1503 1502 1423 1425 1425 1346 1265 1264 1264 1265 1265 1265 1265 1265 1265
1586 1507 1507 1508 1507 1506 1506 1506 1506 1507 1426 1425 1424 1424 1504 1505 1505 1505 1504 1504 1504 1504 1504 1583 1504 1503 1504 1504 1504 1504 1424 1424 1424 1505 1505 1505 1505 1426 1346 1346 1345 1345 1345 1345 1345 1345 1345 1346 1346 1345 1344 1262 1344 1344 1345 1262 1262 1262 1343 1423 1503 1503 1503 1503 1503 1502 1502 1502 1502 1502 1502 1503 1504 1505 1426 1264 1264 1264 1264 1264 1264 1265 1265 1265
1507 1508 1507 1585 1663 1584 1505 1505 1505 1505 1425 1424 1424 1504 1505 1505 1505 1505 1504 1504 1504 1504 1584 1583 1504 1504 1584 1583 1504 1504 1425 1505 1505 1505 1505 1505 1505 1425 1426 1345 1345 1345 1345 1345 1345 1345 1346 1346 1346 1345 1344 1263 1345 1345 1345 1262 1262 1343 1423 1502 1502 1502 1502 1422 1422 1502 1502 1502 1502 1502 1502 1503 1504 1505 1426 1264 1264 1264 1263 1345 1345 1264 1264 1265
1585 1584 1584 1662 1662 1584 1505 1505 1505 1425 1425 1425 1425 1504 1505 1505 1505 1504 1504 1505 1505 1504 1504 1583 1583 1584 1584 1584 1505 1504 1505 1505 1505 1505 1505 1505 1425 1426 1426 1426 1345 1346 1345 1345 1345 1346 1346 1264 1264 1263 1344 1344 1344 1344 1345 1345 1263 1343 1422 1502 1502 1502 1502 1502 1502 1501 1501 1502 1502 1502 1502 1503 1505 1505 1426 1345 1263 1263 1263 1263 1263 1263 1264 1265
1585 1583 1661 1661 1584 1584 1505 1506 1506 1426 1426 1426 1426 1425 1425 1426 1426 1505 1505 1505 1505 1505 1504 1583 1584 1663 1585 1585 1505 1505 1584 1505 1505 1505 1505 1505 1505 1506 1507 1507 1427 1346 1346 1346 1346 1346 1265 1264 1264 1264 1264 1345 1344 1344 1345 1345 1345 1343 1502 1501 1501 1502 1501 1501 1501 1500 1580 1502 1502 1502 1503 1504 1425 1505 1505 1426 1263 1263 1263 1263 1263 1263 1263 1264
1585 1585 1663 1584 1584 1505 1506 1427 1506 1426 1427 1427 1426 1426 1426 1427 1427 1506 1505 1584 1585 1664 1664 1585 1663 1663 1585 1585 1584 1584 1505 1505 1505 1505 1505 1584 1585 1585 1507 1507 1428 1427 1426 1345 1346 1346 1265 1265 1265 1265 1264 1263 1263 1264 1346 1345 1344 1423 1502 1501 1501 1502 1501 1501 1501 1501 1501 1502 1502 1502 1502 1503 1424 1425 1505 1425 1345 1263 1263 1263 1263 1264 1263 1346
1587 1587 1508 1507 1506 1426 1427 1427 1427 1427 1426 1426 1426 1426 1507 1508 1508 1507 1506 1585 1663 1664 1742 1664 1664 1664 1585 1584 1584 1584 1505 1505 1505 1505 1506 1506 1506 1506 1506 1426 1426 1506 1506 1506 1426 1346 1346 1346 1346 1346 1264 1264 1264 1264 1346 1345 1504 1503 1502 1502 1501 1501 1501 1501 1501 1501 1501 1501 1502 1502 1502 1503 1424 1425 1425 1425 1345 1263 1263 1263 1263 1345 1345 1345
1510 1510 1430 1509 1428 1428 1348 1429 1428 1427 1507 1507 1507 1507 1507 1428 1428 1507 1507 1508 1664 1664 1664 1665 1665 1587 1586 1505 1584 1584 1505 1505 1505 1506 1506 1585 1584 1505 1425 1425 1425 1425 1426 1506 1506 1427 1427 1346 1346 1346 1345 1263 1264 1264 1345 1425 1504 1503 1503 1503 1503 1503 1503 1503 1503 1502 1501 1500 1501 1502 1502 1502 1423 1424 1425 1345 1264 1264 1179 1179 1179 1263 1263 1263
1512 1431 1431 1431 1430 1430 1430 1431 1431 1510 1509 1588 1509 1509 1428 1428 1428 1428 1429 1429 1509 1587 1587 1587 1587 1587 1586 1506 1506 1506 1505 1505 1505 1506 1585 1584 1505 1504 1425 1344 1345 1345 1425 1505 1506 1426 1427 1346 1346 1345 1345 1344 1344 1344 1344 1425 1424 1503 1504 1505 1505 1504 1582 1582 1582 1581 1580 1501 1580 1502 1502 1502 1423 1424 1344 1263 1264 1180 1179 1263 1263 1263 1263 1263
1433 1433 1512 1432 1431 1431 1431 1432 1432 1511 1509 1509 1509 1429 1348 1429 1429 1429 1510 1430 1429 1429 1509 1509 1509 1587 1586 1586 1507 1506 1505 1505 1505 1505 1505 1505 1424 1424 1344 1344 1345 1345 1425 1425 1425 1426 1345 1345 1345 1344 1344 1343 1343 1344 1345 1425 1425 1425 1505 1505 1425 1425 1504 1582 1582 1659 1580 1501 1501 1502 1502 1502 1422 1423 1425 1345 1263 1263 1263 1345 1345 1345 1345 1264
1433 1433 1512 1432 1431 1431 1431 1432 1432 1511 1509 1509 1509 1429 1348 1429 1429 1429 1510 1430 1429 1429 1509 1509 1509 1587 1586 1586 1507 1506 1505 1505 1505 1505 1505 1505 1424 1424 1344 1344 1345 1345 1425 1425 1425 1426 1345 1345 1345 1344 1344 1343 1343 1344 1345 1425 1425 1425 1505 1505 1425 1425 1504 1582 1582 1659 1580 1501 1501 1502 1502 1502 1422 1423 1425 1345 1263 1263 1263 1345 1345 1345 1345 1264
1433 1433 1433 1432 1432 1432 1432 1432 1432 1510 1509 1509 1429 1429 1349 1429 1429 1429 1429 1429 1429 1429 1429 1430 1429 1509 1508 1507 1427 1507 1506 1425 1425 1505 1505 1425 1425 1424 1424 1344 1344 1344 1425 1424 1425 1344 1345 1344 1344 1344 1344 1424 1343 1344 1425 1504 1424 1424 1424 1505 1505 1505 1426 1505 1505 1583 1581 1502 1502 1502 1422 1502 1503 1503 1424 1343 1343 1343 1344 1344 1344 1425 1344 1263
1433 1433 1433 1433 1432 1432 1351 1350 1431 1430 1429 1430 1429 1429 1429 1428 1428 1428 1428 1428 1428 1428 1429 1429 1429 1429 1347 1347 1348 1428 1427 1426 1426 1505 1504 1504 1504 1504 1504 1425 1425 1425 1424 1424 1425 1425 1426 1344 1344 1344 1344 1344 1424 1344 1425 1504 1504 1423 1424 1425 1426 1426 1426 1426 1426 1426 1504 1582 1502 1503 1502 1502 1502 1502 1502 1423 1343 1424 1425 1344 1344 1345 1344 1262
1432 1352 1352 1352 1352 1351 1350 1431 1431 1430 1429 1429 1429 1429 1428 1428 1428 1428 1428 1427 1427 1428 1347 1347 1347 1347 1347 1347 1347 1347 1346 1263 1263 1345 1345 1426 1425 1425 1425 1505 1425 1425 1425 1424 1425 1425 1425 1425 1425 1425 1344 1345 1345 1344 1425 1425 1425 1425 1344 1344 1426 1426 1426 1427 1427 1427 1505 1582 1582 1503 1502 1502 1581 1502 1502 1422 1343 1343 1344 1345 1345 1345 1345 1263
1431 1432 1432 1351 1432 1432 1431 1431 1510 1430 1429 1428 1429 1429 1348 1428 1428 1428 1427 1427 1427 1427 1427 1427 1347 1347 1347 1347 1346 1347 1264 1262 1262 1261 1344 1425 1425 1425 1425 1506 1425 1425 1425 1425 1425 1425 1425 1425 1425 1425 1424 1344 1345 1344 1425 1425 1426 1426 1345 1345 1426 1426 1427 1346 1346 1346 1425 1582 1581 1503 1502 1581 1581 1581 1582 1503 1424 1344 1344 1345 1345 1345 1263 1263
1511 1511 1431 1431 1511 1511 1510 1509 1509 1429 1348 1428 1428 1428 1428 1428 1428 1507 1426 1427 1427 1427 1426 1426 1427 1427 1427 1426 1426 1345 1343 1342 1342 1342 1343 1343 1425 1425 1426 1426 1425 1425 1425 1425 1425 1424 1425 1425 1425 1425 1424 1424 1424 1504 1504 1505 1505 1505 1426 1345 1345 1346 1346 1346 1346 1345 1425 1582 1582 1503 1581 1581 1581 1581 1503 1424 1425 1425 1425 1426 1426 1426 1345 1263
1589 1589 1510 1429 1429 1509 1429 1348 1429 1348 1348 1428 1428 1427 1427 1427 1427 1426 1426 1427 1427 1426 1426 1426 1426 1426 1425 1343 1343 1342 1423 1342 1342 1343 1343 1424 1425 1426 1426 1425 1425 1425 1425 1425 1344 1344 1344 1344 1344 1425 1424 1424 1424 1504 1504 1504 1503 1504 1425 1345 1346 1346 1346 1346 1346 1345 1425 1504 1504 1504 1503 1581 1502 1502 1423 1424 1425 1425 1426 1426 1426 1426 1346 1263
1588 1587 1508 1507 1507 1507 1428 1429 1429 1429 1428 1428 1507 1427 1427 1426 1426 1426 1426 1427 1427 1427 1426 1426 1344 1344 1344 1343 1342 1342 1342 1423 1423 1424 1424 1424 1425 1426 1426 1425 1425 1425 1425 1344 1345 1345 1344 1344 1344 1344 1344 1425 1426 1505 1584 1584 1504 1424 1345 1264 1346 1346 1347 1264 1264 1345 1425 1425 1504 1504 1503 1503 1423 1424 1424 1424 1425 1425 1426 1426 1426 1346 1346 1263
1508 1586 1507 1507 1507 1507 1508 1509 1509 1508 1508 1508 1507 1507 1427 1427 1427 1427 1427 1507 1508 1507 1426 1344 1343 1343 1424 1343 1343 1343 1342 1424 1424 1424 1424 1343 1425 1426 1426 1426 1426 1426 1426 1427 1346 1346 1346 1345 1345 1345 1345 1345 1426 1505 1505 1506 1505 1425 1426 1346 1346 1347 1265 1264 1264 1345 1345 1345 1345 1344 1344 1344 1344 1424 1424 1424 1424 1425 1426 1345 1345 1346 1346 1263
1429 1429 1428 1428 1508 1508 1508 1509 1508 1508 1507 1586 1586 1507 1508 1428 1428 1428 1508 1507 1507 1426 1425 1344 1343 1424 1424 1344 1344 1343 1343 1343 1343 1343 1343 1343 1425 1426 1426 1426 1426 1426 1427 1427 1427 1427 1346 1345 1345 1345 1345 1345 1425 1505 1506 1506 1505 1505 1425 1346 1347 1347 1347 1347 1347 1428 1345 1345 1345 1425 1425 1344 1344 1344 1425 1505 1425 1424 1425 1345 1345 1345 1263 1264
1428 1428 1428 1508 1508 1509 1509 1429 1509 1508 1508 1508 1507 1508 1508 1508 1508 1508 1508 1506 1425 1425 1425 1425 1424 1424 1424 1425 1425 1425 1344 1344 1344 1343 1343 1425 1426 1426 1426 1426 1426 1427 1427 1346 1347 1346 1346 1346 1346 1346 1345 1505 1504 1505 1506 1506 1505 1505 1425 1346 1347 1347 1347 1428 1428 1428 2442 1426 1426 1425 1425 1344 1344 1344 1425 1425 1425 1424 1424 1344 1344 1263 1263 1180
1508 1508 1508 1508 1508 1509 1429 1429 1509 1508 1508 1508 1428 1427 1507 1507 1507 1507 1507 1506 1425 1425 1425 1425 1425 1424 1424 1424 1424 1424 1425 1344 1344 1344 1343 1425 1426 1427 1427 1427 1428 1346 1346 1346 1346 1346 1346 1427 1427 1426 1426 1505 1504 1505 1506 1426 1426 1425 1426 1346 1346 1347 1347 1347 1347 1347 1426 1426 1426 1426 1425 1344 1344 1344 1425 1425 1425 1343 1343 1344 1344 1263 1180 1180
1508 1508 1508 1428 1508 1428 1429 1429 1429 1429 1429 1348 1348 1347 1507 1507 1507 1507 1505 1505 1424 1424 1424 1425 1425 1424 1424 1424 1424 1424 1424 1344 1344 1344 1344 1425 1426 1427 1346 1346 1346 1346 1346 1346 1426 1427 1427 1427 1427 1426 1425 1505 1505 1426 1427 1427 1346 1425 1345 1346 1347 1428 1427 1427 1427 1427 1426 1426 1344 1344 1344 2442 2442 2442 1425 1262 1262 1343 1343 1261 1261 1178 1179 1179
1507 1507 1427 1428 1508 1428 1428 1429 1348 1349 1348 1348 1348 1348 1428 1507 1507 1505 1504 1504 1504 1504 1424 1424 1343 1424 1424 1423 1424 1424 1343 1343 1343 1344 1425 1425 1424 1344 1345 1345 1346 1346 1346 1426 1426 1426 1426 1426 1426 1345 1425 1425 1425 1426 1427 1427 1427 1425 1426 1427 1427 1427 1427 1427 1427 1426 1426 1344 1344 1344 1344 2442 2442 2442 2442 1262 1262 1261 1262 1262 1262 1262 1262 1263
1586 1507 1426 1506 1506 1427 1427 1347 1347 1347 1347 1348 1348 1347 1346 1426 1426 1425 1424 1424 1504 1504 1425 1424 1424 1424 1424 1343 1424 1424 1424 1423 1423 1343 1424 1424 1424 1424 1425 1426 1426 1427 1427 1345 1345 1426 1427 1426 1426 1425 1425 1425 1426 1346 1427 1427 1426 1425 1426 1427 1427 1427 1427 1427 1427 1345 1345 1345 1344 1344 1344 2442 2442 2442 2442 1262 1263 1263 1263 1264 1264 1264 1263 1344
1585 1506 1425 1425 1424 1425 1425 1344 1345 1425 1344 1345 1346 1346 1345 1425 1425 1424 1424 1425 1425 1424 1424 1424 1424 1424 1423 1423 1424 1423 1503 1423 1423 1342 1423 1423 1424 1424 1425 1426 1426 1426 1426 1346 1346 1346 1427 1426 1426 1425 1425 1505 1504 1505 1425 1426 1426 1425 1426 1426 1426 1426 1426 1346 1346 1345 1345 1425 2442 2442 1181 1181 1181 2442 2442 2442 1263 1263 1264 1264 1264 1345 1345 1345
1585 1506 1425 1425 1424 1425 1425 1344 1345 1425 1344 1345 1346 1346 1345 1425 1425 1424 1424 1425 1425 1424 1424 1424 1424 1424 1423 1423 1424 1423 1503 1423 1423 1342 1423 1423 1424 1424 1425 1426 1426 1426 1426 1346 1346 1346 1427 1426 1426 1425 1425 1505 1504 1505 1425 1426 1426 1425 1426 1426 1426 1426 1426 1346 1346 1345 1345 1425 2442 2442 1181 1181 1181 2442 2442 2442 1263 1263 1264 1264 1264 1345 1345 1345
1504 1504 1425 1425 1424 1424 1424 1424 1424 1424 1424 1344 1344 1345 1345 1426 1426 1425 1425 1344 1425 1424 1424 1424 1504 1423 1422 1422 1423 1503 1502 1422 1422 1423 1342 1342 1424 1425 1425 1425 1426 1426 1426 1346 1346 1346 1427 1426 1426 1504 1504 1504 1504 1504 1505 1505 1505 1505 1505 1506 1425 1425 1425 1425 1425 1344 1425 1425 2442 2442 1264 1264 1264 2442 2442 1345 1345 1345 1345 1345 1345 1345 1345 1344
1504 1504 1424 1424 1424 1424 1424 1424 1425 1425 1425 1344 1345 1345 1426 1426 1426 1425 1425 1425 1425 1424 1424 1424 1424 1423 1422 1502 1503 1503 1502 1423 1423 1423 1342 1343 1424 1425 1425 1425 1425 1425 1426 1427 1427 1427 1426 1426 1426 1426 1505 1505 1504 1504 1503 1504 1504 1505 1505 1505 1505 1505 1504 1425 1425 1425 1343 1343 1425 1425 1425 1425 1425 2442 2442 1345 1345 1345 1345 1345 1345 1345 1345 1425
1583 1504 1504 1504 1424 1424 1425 1425 1425 1425 1425 1425 1425 1425 1345 1426 1426 1425 1425 1425 1424 1424 1424 1424 1503 1503 1423 1423 1503 1503 1423 1423 1423 1423 1423 1423 1424 1425 1425 1424 1425 1425 1505 1505 1505 1425 1426 1426 1426 1425 1505 1505 1583 1583 1503 1503 1504 1505 1505 1505 1504 1504 1504 1425 1425 1425 1343 1343 1424 1425 1425 1425 1425 1345 1345 1345 1345 1346 1345 1426 1426 1345 1345 1345
