1. mHM/Maipo Basin 5710001/morph/soil_class_horizon_01.asc
ncols        384
nrows        768
xllcorner    -70.500000000000
yllcorner    -34.500000000000
cellsize     0.001953125000
NODATA_value -9999
[rows 684 to 721 of 768, columns 252 to 335 of 384]
1346 1346 1347 1347 1346 1427 1428 1348 1349 1350 1268 1349 1349 1430 1430 1430 1430 1430 1510 1510 1430 1431 1350 1431 1430 1430 1430 1430 1430 1430 1429 1429 1429 1430 1350 1350 1350 1269 1270 1270 1269 1349 1348 1427 1427 1346 1346 1347 1265 1266 1266 1349 1431 1351 1351 1351 1351 1352 1351 1269 1269 1185 1185 1185 1185 1184 1184 1268 1268 1268 1268 1268 1349 1430 1430 1429 1429 1430 1349 1349 1267 1266 1266 1266
1427 1427 1427 1427 1426 1427 1427 1347 1349 1267 1266 1348 1348 1348 1428 1428 1428 1509 1510 1351 1350 1432 1351 1432 1432 1432 1431 1431 1431 1431 1430 1430 1349 1431 1351 1351 1352 1353 1271 1270 1269 1267 1348 1347 1347 1347 1265 1265 1265 1265 1428 1508 1429 1430 1431 1351 1351 1352 1352 1352 1352 1269 1269 1350 1268 1268 1268 1268 1268 1268 1269 1269 1268 1349 1430 1430 1430 1430 1430 1429 1348 1348 1348 1348
1427 1427 1427 1426 1426 1426 1345 1346 1265 1266 1266 1266 1266 1266 1348 1429 1430 1510 1431 1431 1350 1350 1351 1351 1351 1351 1432 1432 1432 1432 1432 1351 1351 1351 1351 1351 1351 1351 1351 1269 1267 1266 1347 1347 1347 1346 1346 1346 1265 1347 1428 1508 1509 1429 1430 1430 1350 1432 1352 1352 1352 1352 1270 1352 1352 1351 1350 1350 1268 1268 1268 1268 1268 1349 1349 1350 1350 1430 1430 1429 1348 1348 1348 1349
1427 1426 1345 1426 1426 1345 1345 1263 1264 1181 1265 1265 1265 1265 1348 1430 1430 1510 1510 1510 1430 1349 1349 1349 1349 1349 1350 1351 1351 1351 1351 1432 1352 1352 1351 1351 1351 1351 1269 1268 1348 1347 1346 1347 1347 1346 1427 1346 1265 1347 1507 1508 1509 1509 1508 1508 1429 1349 1351 1270 1270 1270 1270 1270 1352 1352 1351 1351 1269 1268 1268 1350 1350 1268 1268 1268 1268 1268 1268 1268 1267 1266 1266 1267
1427 1345 1345 1344 1426 1345 1346 1264 1264 1181 1181 1182 1182 1267 1349 1349 1430 1430 1430 1510 1510 1429 1429 1429 1429 1348 1349 1350 1350 1350 1350 1430 1431 1431 1431 1349 1349 1349 1429 1347 1346 1346 1426 1345 1345 1426 1426 1345 1345 1345 1506 1507 1508 1428 1428 1508 1429 1349 1269 1270 1270 1270 1269 1351 1270 1352 1351 1432 1351 1351 1351 1268 1268 1269 1269 1269 1269 1268 1268 1349 1348 1266 1267 1267
1345 1345 1344 1343 1345 1346 1346 1346 1266 1267 1267 1267 1267 1267 1267 1349 1430 1429 1429 1430 1509 1429 1428 1428 1429 1348 1348 1348 1348 1348 1348 1347 1347 1348 1347 1428 1428 1428 1427 1426 1425 1425 1425 1425 1425 1425 1425 1425 1425 1426 1426 1426 1426 1507 1508 1508 1508 1429 1430 1431 1431 1350 1350 1351 1351 1350 1431 1432 1432 1352 1270 1269 1269 1269 1269 1269 1269 1268 1267 1349 1349 1267 1267 1267
1345 1345 1344 1343 1345 1346 1346 1346 1266 1267 1267 1267 1267 1267 1267 1349 1430 1429 1429 1430 1509 1429 1428 1428 1429 1348 1348 1348 1348 1348 1348 1347 1347 1348 1347 1428 1428 1428 1427 1426 1425 1425 1425 1425 1425 1425 1425 1425 1425 1426 1426 1426 1426 1507 1508 1508 1508 1429 1430 1431 1431 1350 1350 1351 1351 1350 1431 1432 1432 1352 1270 1269 1269 1269 1269 1269 1269 1268 1267 1349 1349 1267 1267 1267
1344 1343 1343 1343 1344 1345 1346 1347 1266 1267 1184 1268 1268 1267 1267 1348 1347 1428 1428 1429 1509 1508 1427 1427 1427 1346 1347 1347 1347 1347 1347 1427 1507 1507 1426 1426 1426 1426 1345 1344 1343 1344 1425 1425 1425 1425 1344 1344 1426 1426 1345 1426 1426 1425 1425 1426 1427 1428 1428 1429 1429 1349 1350 1350 1431 1349 1349 1431 1432 1351 1270 1270 1270 1270 1270 1270 1270 1352 1351 1350 1350 1350 1349 1349
1342 1343 1424 1424 1344 1345 1263 1264 1265 1183 1185 1184 1184 1267 1266 1348 1347 1428 1428 1428 1508 1507 1426 1426 1345 1345 1426 1426 1426 1426 1426 1425 1425 1426 1345 1346 1345 1345 1345 1426 1344 1344 1344 1344 1344 1344 1344 1345 1426 1425 1505 1505 1505 1505 1425 1425 1426 1428 1429 1429 1429 1348 1349 1349 1430 1349 1349 1349 1350 1268 1269 1270 1270 1270 1271 1271 1271 1270 1351 1351 1431 1431 1430 1430
1344 1425 1424 1425 1344 1262 1263 1264 1266 1183 1102 1184 1184 1267 1266 1347 1347 1428 1428 1428 1427 1426 1426 1426 1425 1425 1424 1424 1424 1425 1344 1343 1344 1344 1345 1346 1346 1346 1346 1426 1426 1426 1426 1425 1425 1425 1425 1426 1425 1505 1505 1505 1505 1505 1505 1505 1506 1507 1427 1427 1427 1508 1428 1429 1430 1349 1349 1349 1349 1350 1351 1269 1270 1187 1187 1271 1271 1270 1269 1351 1350 1431 1430 1429
1345 1345 1425 1344 1344 1263 1264 1265 1266 1267 1268 1268 1268 1266 1265 1346 1346 1346 1346 1427 1426 1426 1345 1344 1425 1424 1424 1424 1424 1344 1344 1344 1344 1344 1345 1346 1346 1346 1346 1346 1346 1346 1426 1425 1425 1505 1505 1426 1426 1427 1427 1427 1507 1507 1507 1585 1506 1506 1506 1505 1505 1506 1506 1507 1429 1430 1430 1349 1349 1350 1351 1351 1350 1269 1271 1271 1271 1271 1270 1351 1350 1431 1430 1429
1345 1345 1344 1344 1263 1263 1264 1265 1266 1266 1266 1266 1266 1265 1264 1346 1346 1346 1345 1345 1425 1425 1426 1425 1424 1424 1424 1425 1425 1425 1425 1426 1345 1345 1426 1346 1346 1346 1346 1346 1346 1346 1426 1506 1506 1505 1505 1425 1426 1426 1426 1426 1507 1507 1507 1507 1585 1585 1506 1506 1506 1506 1506 1507 1508 1509 1430 1350 1350 1268 1269 1269 1269 1269 1270 1270 1270 1271 1271 1270 1269 1350 1350 1430
1345 1345 1345 1264 1264 1264 1264 1181 1182 1183 1267 1266 1266 1265 1265 1265 1265 1264 1345 1344 1424 1424 1505 1425 1425 1424 1424 1425 1425 1425 1426 1426 1345 1346 1345 1346 1346 1346 1346 1346 1345 1345 1426 1505 1505 1505 1425 1425 1425 1505 1426 1426 1427 1428 1429 1428 1428 1428 1428 1428 1428 1428 1508 1507 1507 1508 1430 1430 1350 1268 1269 1269 1270 1270 1269 1270 1270 1271 1187 1187 1187 1270 1269 1351
1345 1345 1264 1264 1264 1264 1181 1182 1183 1183 1268 1267 1267 1267 1266 1265 1265 1264 1345 1343 1424 1504 1505 1425 1426 1426 1426 1426 1426 1427 1346 1346 1346 1346 1345 1346 1346 1346 1345 1426 1426 1425 1505 1504 1504 1505 1505 1505 1426 1426 1506 1427 1429 1349 1349 1348 1348 1349 1267 1348 1348 1428 1508 1507 1507 1506 1507 1507 1429 1430 1351 1352 1352 1351 1351 1269 1269 1270 1187 1187 1187 1187 1270 1352
1345 1345 1346 1346 1263 1264 1182 1182 1182 1266 1349 1268 1268 1268 1267 1347 1346 1263 1344 1424 1424 1505 1505 1425 1426 1506 1426 1346 1346 1347 1347 1347 1347 1427 1427 1346 1346 1346 1346 1426 1505 1505 1425 1505 1505 1505 1425 1425 1426 1426 1506 1507 1429 1350 1349 1429 1429 1348 1348 1348 1348 1348 1348 1349 1348 1507 1505 1505 1427 1428 1430 1350 1350 1350 1351 1269 1269 1270 1271 1187 1187 1187 1271 1271
1345 1345 1345 1344 1344 1263 1264 1265 1266 1347 1348 1349 1349 1349 1266 1347 1347 1264 1344 1423 1424 1425 1425 1426 1426 1425 1426 1346 1346 1265 1347 1347 1347 1427 1428 1347 1347 1427 1505 1505 1505 1505 1426 1426 1426 1506 1506 1427 1427 1427 1507 1508 1429 1430 1430 1428 1429 1348 1348 1348 1348 1349 1268 1268 1349 1428 1427 1506 1506 1427 1427 1348 1349 1350 1351 1269 1269 1270 1271 1187 1188 1188 1187 1271
1345 1345 1344 1425 1343 1344 1345 1346 1265 1347 1347 1347 1347 1428 1347 1347 1428 1427 1425 1504 1424 1426 1427 1426 1426 1426 1346 1264 1264 1265 1265 1347 1347 1429 1348 1348 1347 1427 1506 1506 1506 1506 1506 1507 1507 1507 1507 1507 1428 1428 1508 1508 1508 1586 1508 1429 1430 1349 1348 1348 1348 1349 1350 1349 1429 1429 1347 1428 1427 1427 1427 1428 1429 1430 1350 1350 1350 1269 1270 1270 1271 1271 1271 1271
1345 1425 1424 1425 1424 1343 1344 1345 1346 1347 1347 1428 1428 1428 1428 1428 1428 1427 1426 1506 1506 1427 1428 1428 1428 1347 1347 1347 1347 1266 1267 1267 1348 1349 1349 1348 1427 1426 1506 1426 1426 1426 1507 1507 1507 1507 1585 1507 1507 1428 1428 1508 1507 1506 1506 1427 1428 1348 1348 1429 1429 1349 1429 1429 1429 1348 1348 1347 1347 1347 1347 1429 1429 1348 1349 1349 1349 1350 1350 1350 1351 1351 1270 1271
1425 1424 1424 1425 1424 1424 1424 1344 1345 1346 1347 1348 1348 1429 1429 1429 1428 1427 1426 1506 1506 1508 1428 1428 1429 1429 1428 1348 1348 1349 1349 1350 1350 1430 1428 1428 1427 1506 1506 1507 1506 1506 1506 1507 1507 1506 1506 1507 1507 1508 1508 1508 1507 1507 1506 1506 1427 1428 1429 1429 1429 1430 1429 1428 1429 1429 1348 1348 1347 1347 1348 1349 1429 1429 1348 1349 1349 1349 1350 1350 1351 1351 1270 1188
1425 1424 1424 1343 1344 1343 1343 1344 1345 1346 1347 1429 1429 1429 1429 1429 1429 1428 1428 1507 1507 1508 1428 1429 1429 1429 1347 1428 1428 1429 1349 1350 1430 1428 1428 1507 1586 1585 1585 1586 1586 1508 1508 1586 1586 1506 1506 1507 1587 1588 1508 1508 1508 1508 1508 1508 1428 1348 1429 1430 1430 1430 1348 1348 1429 1429 1349 1349 1348 1347 1348 1349 1430 1429 1429 1429 1429 1349 1349 1349 1350 1351 1352 1352
2442 1343 1343 1343 1343 1343 1342 1342 1343 1344 1426 1428 1428 1429 1430 1430 1349 1430 1429 1428 1507 1428 1428 1428 1428 1428 1428 1347 1347 1348 1349 1430 1430 1429 1508 1587 1586 1586 1587 1587 1587 1509 1509 1587 1587 1586 1507 1508 1508 1587 1508 1508 1508 1509 1587 1508 1429 1348 1429 1509 1509 1429 1429 1429 1429 1349 1349 1268 1349 1349 1349 1350 1349 1429 1428 1508 1508 1429 1430 1349 1350 1350 1431 1351
1343 1343 1343 1342 1342 1424 1423 1342 1343 1344 1426 1347 1347 1430 1510 1430 1430 1430 1429 1429 1508 1428 1428 1428 1428 1429 1429 1349 1349 1351 1350 1431 1431 1430 1510 1589 1588 1587 1587 1588 1509 1509 1510 1509 1509 1509 1508 1509 1509 1509 1509 1509 1508 1587 1508 1587 1508 1429 1429 1508 1508 1508 1507 1507 1507 1428 1349 1268 1350 1431 1431 1431 1430 1429 1428 1428 1428 1509 1430 1431 1350 1350 1431 1351
1343 1343 1343 1342 1342 1424 1423 1342 1343 1344 1426 1347 1347 1430 1510 1430 1430 1430 1429 1429 1508 1428 1428 1428 1428 1429 1429 1349 1349 1351 1350 1431 1431 1430 1510 1589 1588 1587 1587 1588 1509 1509 1510 1509 1509 1509 1508 1509 1509 1509 1509 1509 1508 1587 1508 1587 1508 1429 1429 1508 1508 1508 1507 1507 1507 1428 1349 1268 1350 1431 1431 1431 1430 1429 1428 1428 1428 1509 1430 1431 1350 1350 1431 1351
1425 1425 1425 1262 1262 1343 1342 1343 1343 1425 1345 1347 1347 1430 1510 1510 1430 1429 1429 1429 1428 1508 1428 1429 1430 1431 1431 1431 1431 1431 1431 1510 1589 1589 1589 1589 1588 1588 1588 1510 1510 1510 1430 1431 1431 1431 1510 1509 1509 1510 1510 1509 1428 1508 1508 1508 1508 1428 1428 1428 1428 1507 1507 1506 1507 1508 1348 1349 1431 1432 1351 1350 1430 1509 1428 1507 1507 1587 1509 1430 1349 1349 1430 1350
1425 1425 1425 1262 1423 1423 1424 1344 1344 1345 1346 1347 1347 1429 1429 1508 1428 1428 1428 1428 1428 1508 1428 1429 1429 1429 1429 1509 1509 1509 1509 1588 1588 1587 1587 1508 1508 1588 1509 1510 1510 1510 1430 1430 1430 1431 1510 1509 1508 1509 1508 1508 1508 1508 1507 1507 1508 1428 1428 1428 1428 1427 1507 1506 1507 1507 1429 1430 1431 1432 1432 1431 1510 1509 1428 1507 1507 1586 1587 1509 1430 1349 1349 1350
1344 1344 1425 2442 1425 1425 1425 1345 1346 1346 1265 1347 1347 1428 1507 1427 1427 1427 1428 1428 1427 1428 1428 1428 1428 1429 1508 1587 1587 1664 1664 1664 1586 1585 1506 1507 1508 1588 1510 1510 1430 1429 1429 1429 1429 1430 1509 1508 1507 1507 1508 1508 1508 1507 1506 1585 1507 1428 1428 1427 1427 1428 1427 1507 1507 1508 1509 1510 1431 1430 1430 1510 1510 1510 1509 1509 1509 1509 1509 1509 1430 1430 1350 1351
1424 1344 2442 1424 1425 1425 1345 1264 1265 1265 1347 1347 1347 1427 1427 1427 1427 1427 1427 1428 1428 1428 1428 1428 1428 1508 1586 1586 1586 1663 1585 1663 1584 1585 1506 1507 1587 1588 1510 1511 1430 1429 1349 1349 1349 1430 1509 1587 1508 1507 1508 1428 1428 1507 1585 1585 1507 1427 1427 1427 1427 1428 1509 1509 1508 1508 1509 1510 1430 1430 1430 1510 1510 1510 1429 1509 1509 1509 1509 1510 1510 1431 1351 1271
1425 1344 1343 1343 1425 1344 1345 1265 1265 1266 1347 1347 1347 1428 1427 1427 1508 1508 1508 1508 1508 1429 1509 1509 1509 1509 1587 1586 1586 1585 1585 1585 1584 1585 1506 1507 1587 1588 1510 1510 1430 1430 1430 1429 1429 1429 1510 1510 1509 1509 1429 1429 1428 1508 1507 1506 1507 1507 1508 1509 1509 1429 1429 1429 1429 1430 1429 1430 1430 1430 1510 1509 1509 1429 1429 1429 1429 1509 1509 1508 1509 1430 1351 1271
1425 1426 1344 1344 1344 1345 1346 1264 1265 1265 1348 1347 1347 1428 1428 1346 1428 1428 1428 1508 1509 1509 1509 1510 1509 1509 1587 1586 1586 1586 1585 1506 1506 1506 1507 1508 1509 1510 1510 1510 1510 1430 1429 1429 1429 1429 1430 1430 1430 1429 1429 1348 1429 1509 1509 1508 1508 1509 1430 1431 1431 1431 1430 1429 1348 1348 1428 1428 1509 1429 1510 1509 1509 1509 1509 1429 1429 1509 1509 1587 1509 1430 1351 1271
1426 1426 1344 1344 1345 1345 1345 1346 1265 1265 1266 1266 1266 1348 1347 1346 1427 1427 1427 1508 1509 1509 1509 1509 1588 1587 1507 1507 1507 1508 1507 1507 1507 1508 1430 1430 1431 1431 1430 1430 1509 1429 1429 1429 1429 1429 1429 1429 1430 1429 1429 1428 1429 1510 1511 1510 1431 1432 1432 1351 1351 1350 1429 1348 1348 1348 1428 1508 1509 1509 1510 1509 1509 1508 1509 1429 1429 1429 1430 1430 1430 1430 1431 1352
1425 1425 1344 1425 1345 1263 1345 1345 1346 1346 1347 1265 1265 1346 1427 1427 1507 1427 1428 1508 1509 1510 1430 1509 1587 1587 1507 1508 1508 1508 1508 1508 1508 1430 1431 1431 1431 1431 1431 1431 1430 1430 1350 1349 1349 1349 1430 1509 1509 1509 1429 1429 1429 1431 1431 1351 1350 1350 1269 1186 1186 1270 1270 1270 1350 1429 1428 1428 1429 1509 1510 1509 1509 1509 1429 1429 1429 1429 1431 1431 1431 1511 1431 1433
1425 1425 1425 1425 1345 1344 1344 1344 1345 1346 1347 1347 1347 1347 1428 1509 1509 1508 1508 1509 1509 1430 1431 1510 1587 1586 1507 1508 1508 1508 1509 1509 1508 1509 1430 1430 1511 1511 1431 1431 1350 1349 1349 1349 1349 1429 1429 1509 1509 1429 1429 1429 1429 1430 1350 1269 1186 1269 1185 1186 1186 1270 1352 1433 1432 1431 1430 1429 1429 1429 1429 1429 1429 1509 1509 1509 1509 1510 1510 1510 1510 1590 1512 1512
1505 1505 1425 1425 1425 1425 1425 1425 1425 1426 1346 1346 1346 1347 1429 1509 1508 1508 1508 1509 1430 1350 1431 1510 1588 1587 1508 1508 1508 1509 1509 1509 1509 1509 1510 1509 1509 1510 1430 1350 1350 1267 1349 1430 1430 1509 1429 1429 1429 1348 1349 1349 1349 1349 1349 1350 1350 1351 1351 1351 1351 1351 1352 1432 1431 1431 1430 1430 1430 1430 1429 1429 1429 1509 1509 1588 1588 1588 1588 1666 1667 1590 1513 1513
1505 1505 1425 1425 1425 1425 1425 1425 1425 1425 1345 1346 1346 1347 1428 1508 1508 1508 1509 1510 1431 1351 1431 1510 1588 1509 1509 1509 1509 1509 1509 1509 1509 1508 1508 1509 1429 1510 1430 1349 1350 1350 1349 1430 1430 1510 1429 1429 1348 1267 1349 1350 1350 1430 1430 1430 1430 1510 1430 1431 1431 1431 1431 1432 1432 1431 1349 1349 1430 1430 1509 1509 1509 1509 1589 1588 1588 1588 1666 1666 1667 1590 1513 1433
1505 1425 1425 1425 1425 1425 1425 1425 1424 1425 1506 1426 1426 1427 1428 1508 1508 1509 1430 1350 1269 1351 1431 1510 1588 1509 1510 1510 1510 1509 1509 1509 1429 1429 1508 1429 1429 1430 1430 1349 1268 1350 1349 1349 1349 1349 1349 1429 1429 1429 1429 1509 1509 1588 1509 1509 1509 1510 1430 1431 1431 1431 1431 1350 1351 1351 1350 1430 1430 1510 1509 1588 1588 1589 1589 1667 1667 1589 1590 1590 1590 1591 1513 1433
1584 1425 1425 1424 1504 1504 1504 1504 1504 1505 1426 1506 1506 1506 1507 1587 1509 1430 1350 1269 1269 1350 1430 1509 1509 1509 1510 1510 1510 1509 1508 1508 1508 1429 1429 1429 1430 1431 1431 1350 1350 1349 1349 1349 1349 1349 1429 1429 1429 1508 1588 1588 1588 1588 1509 1510 1510 1510 1430 1431 1431 1431 1350 1350 1431 1431 1431 1510 1510 1509 1588 1588 1589 1589 1589 1589 1589 1590 1590 1511 1511 1511 1512 1433
1584 1504 1423 1503 1504 1504 1504 1504 1425 1426 1506 1506 1506 1506 1507 1587 1510 1430 1351 1269 1269 1350 1429 1429 1429 1429 1428 1428 1428 1429 1429 1428 1347 1429 1429 1509 1430 1430 1430 1430 1348 1348 1429 1429 1429 1429 1429 1508 1508 1587 1588 1588 1509 1509 1509 1510 1510 1510 1510 1510 1510 1430 1430 1430 1510 1430 1509 1509 1509 1588 1588 1589 1589 1589 1589 1589 1589 1590 1511 1511 1512 1512 1512 1512
1504 1423 1422 1423 1423 1424 1424 1425 1425 1426 1506 1506 1506 1507 1508 1510 1431 1350 1269 1269 1351 1350 1429 1429 1428 1428 1428 1348 1348 1347 1347 1428 1428 1428 1428 1508 1428 1428 1428 1428 1429 1429 1428 1508 1508 1508 1508 1508 1588 1588 1508 1508 1508 1587 1588 1510 1510 1510 1509 1510 1510 1510 1511 1431 1430 1430 1430 1510 1510 1510 1510 1510 1510 1589 1588 1587 1587 1588 1510 1510 1511 1511 1589 1589
