1. mHM/Maipo Basin 5710001/morph/soil_class_horizon_02.asc
ncols        384
nrows        768
xllcorner    -70.500000000000
yllcorner    -34.500000000000
cellsize     0.001953125000
NODATA_value -9999
[rows 304 to 341 of 768, columns 0 to 83 of 384]
1893 1894 1819 1819 1743 1743 1818 1892 1892 1891 1892 1893 1818 1818 1818 1743 1743 1742 1742 1818 1742 1743 1743 1743 1743 1667 1667 1667 1666 1742 1742 1742 1743 1743 1742 1818 1818 1892 1892 1893 1893 1893 1894 1893 1818 1818 1818 1818 1818 1818 1818 1818 1818 1818 1818 1892 1892 1892 1816 1817 1818 1818 1743 1667 1667 1667 1589 1590 1590 1590 1668 1590 1590 1590 1590 1590 1590 1589 1589 1589 1589 1510 1510 1510
1893 1819 1819 1743 1743 1742 1818 1891 1891 1891 1892 1893 1893 1893 1818 1742 1742 1742 1742 1818 1742 1743 1743 1666 1666 1743 1666 1666 1742 1742 1742 1742 1743 1743 1819 1742 1818 1892 1892 1892 1892 1893 1893 1893 1892 1892 1892 1818 1818 1818 1818 1818 1818 1818 1818 1893 1893 1818 1818 1818 1818 1818 1743 1667 1667 1667 1667 1590 1590 1668 1667 1667 1667 1589 1589 1590 1590 1590 1589 1589 1588 1510 1510 1510
1893 1819 1819 1743 1743 1742 1818 1891 1891 1891 1892 1893 1893 1893 1818 1742 1742 1742 1742 1818 1742 1743 1743 1666 1666 1743 1666 1666 1742 1742 1742 1742 1743 1743 1819 1742 1818 1892 1892 1892 1892 1893 1893 1893 1892 1892 1892 1818 1818 1818 1818 1818 1818 1818 1818 1893 1893 1818 1818 1818 1818 1818 1743 1667 1667 1667 1667 1590 1590 1668 1667 1667 1667 1589 1589 1590 1590 1590 1589 1589 1588 1510 1510 1510
1893 1818 1819 1743 1743 1893 1967 1891 1891 1891 1892 1893 1893 1893 1818 1818 1818 1742 1818 1818 1742 1743 1666 1666 1666 1666 1666 1666 1666 1743 1743 1742 1742 1743 1743 1742 1742 1818 1893 1893 1893 1893 1893 1892 1892 1892 1892 1817 1818 1818 1818 1818 1818 1893 1893 1893 1893 1893 1818 1818 1743 1744 1668 1668 1668 1744 1743 1743 1743 1743 1743 1743 1743 1744 1667 1590 1590 1511 1511 1510 1510 1589 1589 1510
1893 1893 1892 1892 1892 1892 1892 1891 1891 1891 1817 1817 1818 1818 1818 1818 1818 1742 1742 1742 1742 1743 1743 1666 1666 1666 1666 1743 1666 1743 1742 1743 1743 1818 1743 1742 1818 1818 1893 1893 1893 1893 1893 1892 1892 1892 1892 1892 1818 1818 1893 1818 1893 1893 1893 1893 1893 1893 1818 1743 1744 1668 1668 1668 1668 1744 1819 1819 1743 1743 1743 1743 1743 1818 1742 1666 1589 1589 1590 1511 1511 1590 1589 1589
1893 1892 1967 1967 1893 1892 1892 1891 1891 1891 1891 1817 1818 1818 1818 1818 1818 1742 1742 1742 1666 1743 1743 1743 1743 1743 1743 1742 1743 1742 1742 1742 1743 1819 1743 1819 1818 1818 1893 1893 1893 1892 1892 1892 1967 1892 1893 1818 1893 1893 1892 1893 1893 1893 1893 1893 1893 1893 1818 1743 1745 1668 1668 1668 1668 1744 1819 1819 1819 1818 1818 1743 1743 1742 1741 1742 1666 1667 1668 1590 1511 1590 1589 1589
1893 1893 1968 1967 1893 1893 1967 1967 1967 1892 1892 1817 1818 1893 1818 1818 1742 1742 1742 1666 1667 1667 1667 1666 1666 1666 1666 1742 1742 1742 1743 1819 1743 1743 1819 1819 1819 1818 1818 1893 1893 1893 1818 1893 1893 1893 1893 1893 1893 1892 1967 1968 1968 1893 1893 1893 1893 1894 1819 1744 1668 1745 1745 1745 1668 1744 1818 1893 1818 1818 1742 1818 1818 1818 1742 1742 1666 1667 1667 1590 1511 1590 1589 1590
1893 1893 1968 2040 1967 1892 1893 1818 1818 1818 1818 1818 1893 1893 1818 1742 1742 1818 1743 1743 1666 1666 1667 1666 1666 1666 1666 1743 1742 1743 1819 1819 1819 1743 1743 1819 1819 1819 1819 1818 1818 1818 1818 1818 1818 1893 1893 1893 1894 1968 1968 1968 1968 1968 1893 1819 1819 1819 1820 1744 1668 1669 1745 1745 1745 1744 1818 1893 1893 1893 1893 1892 1892 1818 1742 1743 1667 1667 1667 1590 1590 1589 1588 1589
1893 1968 1967 1967 1892 1818 1818 1818 1818 1818 1818 1818 1818 1818 1818 1742 1742 1742 1742 1666 1667 1667 1667 1666 1666 1666 1666 1666 1743 1743 1743 1743 1743 1744 1744 1743 1743 1819 1819 1818 1818 1818 1742 1742 1819 1893 1893 1894 1894 1893 1893 1893 1893 1893 1894 1820 1820 1821 1746 1745 1746 1592 1592 1670 1747 1821 1894 1893 1893 1893 1818 1818 1818 1818 1743 1743 1666 1667 1667 1667 1667 1666 1666 1667
1893 1893 1893 1894 1819 1818 1818 1817 1817 1817 1817 1817 1818 1818 1818 1742 1743 1666 1666 1666 1667 1667 1667 1666 1666 1665 1665 1665 1743 1743 1744 1744 1744 1744 1667 1667 1667 1744 1820 1743 1743 1818 1818 1743 1744 1820 1895 1820 1894 1894 1894 1894 1894 1894 1820 1821 1821 1746 1746 1745 1745 1746 1670 1670 1746 1821 1820 1819 1819 1818 1818 1818 1818 1818 1818 1818 1743 1743 1743 1743 1666 1666 1588 1667
1893 1894 1894 1820 1819 1818 1817 1892 1892 1892 1817 1817 1818 1742 1742 1742 1666 1666 1589 1589 1666 1666 1666 1666 1666 1665 1741 1742 1743 1744 1744 1744 1744 1667 1666 1666 1666 1666 1667 1743 1743 1818 1818 1743 1744 1820 1820 1820 1894 1894 1819 1894 1894 1895 1821 1746 1746 1746 1745 1820 1820 1820 1821 1821 1820 1820 1820 1819 1818 1818 1818 1818 1818 1818 1818 1818 1742 1742 1742 1743 1743 1666 1667 1667
1893 1894 1894 1819 1819 1819 1818 1818 1818 1817 1817 1818 1818 1742 1743 1666 1666 1666 1667 1666 1589 1666 1666 1666 1666 1742 1742 1742 1743 1744 1744 1744 1667 1668 1668 1589 1589 1589 1666 1742 1742 1742 1743 1744 1820 1820 1819 1819 1894 1819 1820 1820 1895 1820 1745 1669 1669 1746 1821 1895 1894 1894 1895 1895 1895 1820 1820 1820 1819 1893 1818 1818 1818 1818 1818 1818 1743 1743 1743 1743 1743 1743 1667 1667
1893 1894 1819 1819 1743 1743 1743 1743 1743 1743 1743 1667 1667 1667 1590 1666 1665 1666 1666 1665 1666 1666 1666 1665 1665 1742 1742 1743 1667 1744 1744 1744 1667 1590 1668 1668 1668 1667 1666 1742 1742 1742 1742 1743 1743 1819 1819 1894 1894 1820 1820 1820 1895 1894 1820 1669 1669 1746 1895 1894 1893 1894 1894 1894 1895 1820 1821 1820 1819 1893 1893 1818 1818 1818 1818 1819 1743 1743 1744 1743 1743 1743 1666 1666
1818 1819 1819 1743 1743 1744 1667 1666 1666 1743 1744 1667 1668 1668 1590 1589 1588 1666 1665 1665 1665 1665 1666 1743 1743 1743 1743 1667 1668 1668 1668 1668 1668 1668 1668 1668 1668 1667 1743 1742 1742 1742 1742 1743 1743 1820 1819 1819 1820 1745 1745 1820 1894 1894 1820 1821 1821 1821 1820 1819 1894 1894 1894 1894 1895 1820 1820 1819 1819 1893 1893 1818 1818 1818 1818 1742 1743 1743 1743 1743 1742 1742 1742 1742
1743 1743 1819 1743 1744 1668 1667 1666 1666 1666 1667 1667 1668 1668 1590 1589 1589 1666 1666 1665 1665 1665 1743 1743 1743 1743 1667 1668 1590 1668 1667 1744 1668 1668 1668 1745 1667 1744 1743 1743 1743 1742 1742 1666 1667 1744 1820 1819 1820 1820 1745 1820 1969 1894 1820 1745 1745 1821 1821 1821 1821 1821 1820 1820 1820 1819 1893 1893 1893 1893 1893 1893 1893 1893 1893 1818 1743 1743 1743 1743 1743 1742 1742 1743
1743 1743 1819 1819 1819 1744 1667 1667 1667 1667 1667 1667 1590 1668 1590 1667 1667 1666 1666 1666 1666 1666 1743 1744 1744 1744 1667 1590 1590 1590 1668 1745 1668 1668 1745 1744 1744 1743 1742 1743 1743 1742 1666 1667 1667 1744 1744 1819 1820 1820 1820 1820 1894 1894 1820 1821 1821 1746 1745 1821 1821 1821 1821 1821 1820 1819 1893 1893 1893 1893 1818 1893 1893 1893 1893 1818 1819 1819 1819 1818 1818 1742 1743 1666
1744 1744 1744 1744 1743 1744 1667 1667 1667 1667 1667 1667 1668 1591 1590 1667 1667 1589 1666 1666 1666 1667 1667 1667 1667 1667 1667 1667 1668 1668 1668 1744 1668 1745 1744 1744 1744 1743 1743 1743 1743 1743 1666 1667 1667 1744 1744 1819 1819 1820 1820 1894 1894 1895 1821 1746 1746 1745 1745 1820 1820 1820 1820 1744 1820 1894 1893 1893 1893 1892 1893 1893 1893 1893 1818 1819 1819 1818 1892 1892 1892 1817 1743 1666
1744 1745 1668 1744 1744 1743 1744 1668 1668 1744 1745 1667 1668 1591 1590 1589 1589 1589 1666 1666 1667 1667 1667 1667 1667 1667 1667 1667 1668 1668 1668 1668 1668 1668 1744 1744 1743 1743 1743 1743 1743 1667 1667 1589 1590 1668 1745 1820 1819 1820 1820 1821 1821 1822 1745 1745 1745 1820 1820 1819 1819 1820 1744 1744 1820 1894 1893 1893 1892 1892 1892 1893 1893 1893 1818 1818 1818 1892 1892 1892 1891 1892 1742 1742
1744 1745 1668 1744 1744 1743 1744 1668 1668 1744 1745 1667 1668 1591 1590 1589 1589 1589 1666 1666 1667 1667 1667 1667 1667 1667 1667 1667 1668 1668 1668 1668 1668 1668 1744 1744 1743 1743 1743 1743 1743 1667 1667 1589 1590 1668 1745 1820 1819 1820 1820 1821 1821 1822 1745 1745 1745 1820 1820 1819 1819 1820 1744 1744 1820 1894 1893 1893 1892 1892 1892 1893 1893 1893 1818 1818 1818 1892 1892 1892 1891 1892 1742 1742
1745 1668 1668 1668 1668 1743 1744 1744 1744 1819 1744 1668 1668 1591 1590 1589 1589 1666 1666 1666 1667 1744 1744 1667 1667 1667 1667 1668 1668 1668 1668 1668 1668 1668 1668 1744 1743 1743 1743 1744 1744 1667 1589 1589 1668 1668 1668 1744 1820 1820 1745 1746 1746 1821 1821 1820 1820 1819 1894 1894 1819 1743 1744 1743 1819 1893 1893 1892 1892 1892 1818 1818 1818 1818 1893 1893 1893 1891 1891 1891 1891 1892 1742 1741
1744 1744 1668 1668 1590 1590 1668 1744 1744 1744 1744 1667 1668 1590 1590 1589 1666 1666 1666 1667 1744 1744 1743 1667 1667 1667 1667 1667 1744 1743 1743 1743 1743 1667 1667 1743 1818 1818 1743 1667 1667 1667 1667 1667 1666 1744 1820 1820 1820 1820 1820 1820 1821 1821 1820 1819 1819 1894 1893 1893 1894 1819 1820 1743 1818 1893 1892 1891 1892 1818 1819 1819 1819 1893 1893 1892 1966 1965 1890 1890 1891 1817 1817 1741
1744 1668 1745 1745 1744 1668 1668 1667 1667 1667 1668 1668 1668 1668 1668 1668 1667 1667 1667 1667 1667 1667 1743 1743 1743 1743 1744 1744 1744 1744 1743 1743 1744 1743 1742 1742 1817 1818 1743 1667 1667 1590 1590 1668 1745 1820 1820 1820 1820 1820 1820 1820 1820 1819 1894 1894 1894 1893 1968 1968 1893 1893 1893 1818 1818 1892 1892 1966 1892 1893 1894 1894 1894 1893 1892 1966 1965 1965 1890 1890 1891 1817 1817 1817
1744 1744 1744 1744 1744 1667 1668 1667 1667 1668 1590 1590 1590 1590 1590 1590 1667 1668 1667 1667 1666 1666 1667 1667 1667 1744 1744 1667 1667 1667 1667 1668 1667 1743 1742 1817 1817 1818 1743 1744 1744 1744 1743 1744 1745 1820 1819 1744 1820 1820 1820 1820 1819 1894 1893 1893 1893 1968 2041 1968 1893 1893 1893 1818 1893 1892 1967 1967 1892 1893 1894 1894 1894 1893 1892 1966 1965 1965 1890 1890 1890 1817 1817 1818
1744 1744 1744 1743 1743 1743 1667 1668 1668 1590 1590 1668 1590 1590 1589 1666 1666 1666 1588 1666 1666 1666 1667 1667 1667 1744 1744 1744 1744 1668 1668 1590 1589 1589 1666 1742 1817 1818 1819 1819 1819 1819 1819 1819 1894 1893 1893 1819 1819 1819 1819 1819 1894 1893 1968 2041 2041 2040 2112 2040 2039 1966 1892 1818 1893 1892 1892 1892 1892 1893 1893 1818 1818 1817 1816 1890 1965 1965 1891 1890 1890 1817 1818 1818
1744 1744 1744 1744 1743 1743 1667 1668 1668 1590 1668 1668 1668 1668 1666 1666 1666 1665 1665 1743 1743 1819 1819 1743 1743 1742 1742 1743 1744 1667 1667 1667 1667 1667 1666 1742 1742 1742 1818 1819 1819 1819 1819 1819 1819 1893 1893 1893 1819 1894 1894 1894 1968 1968 2041 2041 2041 2112 2112 2111 2111 2039 1967 1818 1818 1892 1892 1891 1892 1818 1819 1819 1819 1818 1817 1816 1891 1965 1891 1816 1817 1818 1742 1818
1744 1744 1744 1667 1667 1667 1667 1590 1590 1590 1668 1668 1668 1667 1665 1665 1665 1742 1741 1818 1893 1818 1818 1818 1818 1819 1819 1819 1743 1667 1667 1667 1667 1667 1666 1666 1743 1743 1743 1744 1744 1745 1821 1820 1820 1894 1894 1894 1894 1894 1894 1968 2041 2040 2041 2041 2041 2041 2040 2039 2040 1967 1967 1967 1892 1892 1892 1892 1817 1818 1743 1819 1819 1818 1818 1818 1817 1892 1892 1817 1817 1742 1742 1743
1744 1744 1667 1668 1667 1667 1589 1590 1590 1590 1590 1668 1667 1666 1742 1741 1742 1742 1817 1892 1818 1818 1818 1818 1818 1743 1819 1819 1819 1743 1742 1665 1666 1666 1666 1743 1743 1744 1744 1820 1820 1820 1820 1820 1819 1895 1894 1969 1968 1968 2040 2040 2040 2040 2040 2041 2041 1968 1894 1818 1818 1817 1892 1892 1892 1892 1892 1893 1818 1743 1744 1819 1819 1818 1893 1818 1817 1892 1817 1817 1817 1818 1742 1743
1590 1590 1667 1667 1667 1667 1589 1590 1590 1590 1590 1590 1667 1743 1742 1741 1741 1817 1817 1817 1818 1818 1819 1743 1743 1743 1819 1819 1819 1742 1742 1742 1666 1666 1743 1743 1743 1744 1820 1894 1894 1894 1894 1894 1894 1894 1969 1968 2040 2039 2111 2110 2039 2039 2039 1966 1966 1893 1819 1743 1744 1743 1819 1893 1892 1892 1893 1893 1818 1743 1744 1743 1743 1818 1892 1817 1892 1818 1742 1817 1818 1819 1743 1743
1590 1590 1589 1667 1667 1667 1589 1590 1590 1590 1590 1590 1667 1743 1742 1741 1817 1818 1818 1818 1818 1819 1819 1819 1819 1819 1819 1819 1818 1817 1817 1742 1667 1667 1743 1743 1743 1819 1818 1893 1893 1892 1892 1893 1893 1968 1968 2040 2039 2039 2039 2039 2039 2040 2039 1892 1892 1818 1743 1743 1743 1743 1819 1818 1893 1893 1893 1893 1818 1744 1744 1743 1743 1817 1891 1891 1892 1893 1893 1893 1819 1819 1743 1744
1590 1590 1589 1667 1667 1667 1667 1590 1590 1590 1590 1590 1667 1743 1741 1817 1892 1893 1893 1819 1819 1819 1819 1819 1819 1819 1893 1892 1891 1891 1817 1743 1667 1743 1819 1819 1818 1892 1892 1892 1892 1891 1891 1891 1892 1967 2040 2039 2039 2038 2039 2039 1967 1967 1967 1892 1892 1818 1743 1743 1743 1743 1819 1819 1894 1819 1893 1893 1819 1744 1819 1817 1817 1892 1891 1891 1892 1893 1893 1892 1893 1820 1744 1744
1667 1667 1667 1667 1666 1667 1667 1667 1667 1667 1667 1590 1668 1744 1818 1892 1892 1818 1819 1819 1819 1819 1819 1819 1819 1893 1893 1967 1966 1891 1817 1742 1743 1743 1744 1744 1819 1818 1817 1817 1817 1891 1891 1891 1892 1967 1967 2039 1966 2039 2039 1966 1892 1818 1893 1893 1893 1893 1818 1818 1818 1818 1743 1818 1894 1819 1893 1893 1819 1743 1819 1892 1892 1817 1817 1892 1967 1893 1893 1892 1893 1820 1744 1743
1667 1667 1667 1667 1744 1743 1666 1667 1667 1667 1667 1590 1668 1667 1743 1818 1818 1819 1819 1819 1819 1818 1818 1819 1819 1894 1893 1893 1893 1817 1741 1742 1743 1744 1744 1744 1744 1743 1818 1818 1818 1892 1892 1892 1893 1968 1967 1966 1967 1967 1967 1967 1893 1819 1819 1818 1818 1818 1818 1818 1818 1818 1818 1818 1818 1819 1819 1819 1819 1819 1743 1818 1818 1817 1817 1892 1967 1893 1893 1893 1818 1820 1820 1819
1744 1667 1667 1667 1667 1667 1667 1667 1667 1667 1668 1667 1668 1667 1743 1819 1819 1819 1819 1819 1818 1818 1818 1818 1818 1819 1819 1818 1817 1741 1741 1818 1893 1819 1744 1744 1744 1819 1894 1818 1818 1818 1818 1819 1894 1894 1893 1893 1893 1892 1818 1818 1818 1818 1818 1818 1818 1818 1818 1818 1819 1818 1819 1819 1819 1819 1819 1744 1743 1743 1743 1743 1743 1819 1892 1892 1967 1892 1818 1818 1819 1819 1819 1819
1744 1667 1744 1744 1744 1744 1744 1667 1667 1668 1668 1668 1668 1744 1743 1819 1819 1818 1819 1818 1818 1818 1818 1819 1819 1819 1819 1818 1742 1742 1817 1893 1893 1819 1743 1743 1819 1894 1894 1819 1819 1819 1820 1820 1894 1894 1893 1893 1893 1893 1818 1818 1818 1818 1818 1818 1818 1818 1818 1819 1819 1819 1743 1744 1744 1743 1819 1819 1818 1743 1743 1743 1743 1893 1967 1966 1966 1892 1892 1892 1818 1819 1819 1817
1744 1667 1744 1744 1744 1744 1744 1667 1667 1668 1668 1668 1668 1744 1743 1819 1819 1818 1819 1818 1818 1818 1818 1819 1819 1819 1819 1818 1742 1742 1817 1893 1893 1819 1743 1743 1819 1894 1894 1819 1819 1819 1820 1820 1894 1894 1893 1893 1893 1893 1818 1818 1818 1818 1818 1818 1818 1818 1818 1819 1819 1819 1743 1744 1744 1743 1819 1819 1818 1743 1743 1743 1743 1893 1967 1966 1966 1892 1892 1892 1818 1819 1819 1817
1744 1667 1668 1744 1745 1668 1744 1744 1744 1743 1744 1745 1745 1744 1743 1818 1818 1817 1818 1818 1742 1818 1819 1819 1819 1819 1743 1743 1818 1818 1892 1892 1892 1892 1893 1893 1892 1893 1819 1819 1819 1820 1820 1894 1894 1894 1893 1892 1892 1892 1892 1892 1817 1818 1818 1818 1818 1818 1818 1743 1743 1743 1744 1744 1744 1819 1743 1818 1818 1819 1743 1819 1819 1893 1967 1966 2038 1966 1966 1892 1892 1817 1817 1817
1667 1590 1590 1590 1667 1667 1744 1744 1744 1743 1667 1668 1745 1744 1818 1817 1818 1818 1818 1818 1742 1743 1743 1743 1743 1667 1667 1744 1743 1818 1893 1892 1892 1967 1966 1966 1967 1893 1819 1819 1819 1819 1819 1893 1894 1819 1819 1892 1892 1892 1892 1817 1817 1818 1818 1818 1818 1818 1818 1819 1819 1820 1820 1820 1820 1819 1743 1742 1818 1819 1743 1819 1819 1893 1967 2039 2038 1966 1966 1891 1817 1816 1817 1742
1668 1668 1668 1668 1667 1667 1667 1744 1744 1744 1667 1668 1668 1743 1817 1741 1742 1742 1818 1818 1743 1666 1666 1667 1667 1668 1667 1744 1819 1818 1893 1893 1967 1966 1966 1966 1967 1968 1893 1819 1819 1818 1818 1818 1818 1818 1818 1893 1893 1818 1818 1817 1817 1817 1818 1818 1818 1818 1818 1818 1819 1819 1818 1818 1818 1818 1818 1818 1819 1819 1744 1819 1819 1818 1892 1966 1965 1966 1966 1891 1817 1817 1741 1742
