1. mHM/Maipo Basin 5710001/morph/soil_class_horizon_01.asc
ncols        384
nrows        768
xllcorner    -70.500000000000
yllcorner    -34.500000000000
cellsize     0.001953125000
NODATA_value -9999
[rows 0 to 37 of 768, columns 0 to 83 of 384]
1820 1894 1894 1894 1894 1894 1893 1893 1893 1893 1893 1892 1967 1967 1893 1819 1820 1821 1896 1896 1896 1896 1821 1745 1745 1746 1746 1746 1670 1592 1592 1513 1513 1513 1513 1513 1513 1592 1592 1592 1592 1512 1511 1509 1508 1507 1506 1507 1507 1507 1507 1506 1585 1586 1586 1663 1663 1664 1663 1662 1661 1582 1581 1582 1504 1506 1508 1508 1429 1430 1350 1431 1431 1511 1512 1512 1512 1511 1431 1431 1430 1430 1431 1432
1820 1819 1894 1819 1894 1894 1819 1894 1894 1893 1893 1818 1818 1893 1967 1967 1893 1894 1894 1895 1895 1895 1896 1821 1821 1745 1746 1746 1746 1746 1670 1670 1669 1668 1591 1591 1512 1591 1591 1591 1591 1512 1512 1590 1510 1508 1507 1507 1587 1507 1508 1586 1586 1587 1586 1585 1585 1663 1663 1662 1661 1581 1581 1582 1583 1506 1507 1508 1509 1430 1350 1350 1350 1432 1513 1433 1433 1433 1432 1431 1431 1432 1431 1512
1820 1819 1894 1819 1894 1894 1819 1894 1894 1893 1893 1818 1818 1893 1967 1967 1893 1894 1894 1895 1895 1895 1896 1821 1821 1745 1746 1746 1746 1746 1670 1670 1669 1668 1591 1591 1512 1591 1591 1591 1591 1512 1512 1590 1510 1508 1507 1507 1587 1507 1508 1586 1586 1587 1586 1585 1585 1663 1663 1662 1661 1581 1581 1582 1583 1506 1507 1508 1509 1430 1350 1350 1350 1432 1513 1433 1433 1433 1432 1431 1431 1432 1431 1512
1819 1819 1894 1894 1819 1819 1819 1819 1819 1894 1893 1893 1818 1818 1892 1967 2040 2040 1968 1894 1894 1895 1896 1821 1821 1821 1745 1668 1668 1668 1669 1592 1670 1669 1669 1591 1591 1512 1512 1591 1591 1512 1592 1591 1590 1509 1427 1428 1508 1586 1507 1507 1506 1585 1586 1586 1586 1663 1663 1662 1661 1582 1582 1582 1583 1506 1507 1587 1509 1429 1349 1350 1350 1351 1431 1431 1432 1352 1351 1351 1350 1432 1511 1511
1818 1893 1893 1894 1819 1819 1818 1893 1893 1893 1893 1893 1893 1892 1893 1892 1892 1893 1893 1894 1819 1895 1896 1821 1821 1821 1745 1668 1668 1744 1744 1668 1669 1669 1669 1670 1591 1512 1511 1512 1512 1513 1513 1592 1591 1510 1428 1428 1508 1587 1586 1507 1507 1585 1585 1585 1585 1586 1585 1584 1583 1582 1582 1583 1583 1585 1508 1508 1509 1429 1349 1350 1350 1349 1509 1509 1430 1351 1352 1352 1351 1351 1432 1431
1818 1818 1819 1819 1819 1819 1893 1893 1893 1893 1893 1893 1893 1893 1818 1818 1818 1818 1818 1819 1819 1820 1820 1820 1820 1820 1820 1820 1820 1744 1743 1744 1668 1591 1592 1592 1591 1511 1511 1512 1512 1513 1513 1592 1591 1510 1428 1347 1428 1428 1508 1508 1586 1585 1585 1584 1584 1585 1586 1585 1584 1583 1583 1583 1584 1585 1508 1508 1429 1429 1349 1350 1350 1349 1429 1428 1429 1351 1352 1352 1351 1351 1350 1431
1818 1819 1819 1819 1818 1818 1893 1893 1893 1893 1893 1893 1894 1893 1893 1893 1818 1818 1819 1819 1819 1743 1819 1894 1894 1893 1894 1894 1893 1894 1819 1744 1669 1591 1592 1592 1592 1512 1511 1512 1512 1432 1513 1592 1590 1509 1508 1428 1347 1428 1428 1508 1507 1585 1584 1584 1584 1584 1584 1584 1584 1583 1583 1504 1505 1507 1586 1507 1428 1429 1348 1348 1348 1348 1429 1429 1429 1350 1351 1351 1351 1350 1350 1350
1819 1819 1819 1818 1893 1893 1893 1893 1893 1893 1893 1894 1819 1819 1818 1893 1893 1893 1893 1894 1894 1894 1894 1894 1894 1893 1893 1968 1967 1968 1894 1744 1669 1592 1592 1513 1592 1512 1512 1512 1512 1512 1511 1590 1509 1508 1507 1427 1428 1428 1428 1427 1506 1584 1584 1583 1583 1583 1583 1583 1583 1582 1582 1504 1505 1506 1507 1508 1429 1349 1349 1348 1348 1429 1429 1429 1430 1350 1432 1431 1431 1431 1430 1430
1893 1967 1967 1967 2040 2040 1967 1893 1893 1893 1894 1894 1819 1819 1818 1893 1893 1893 1893 1893 1969 1969 1894 1893 1893 1893 1893 1893 1968 1968 1894 1744 1591 1592 1592 1592 1592 1512 1512 1590 1590 1510 1589 1589 1509 1507 1507 1427 1428 1427 1427 1427 1506 1584 1583 1583 1583 1583 1582 1582 1582 1581 1582 1504 1505 1506 1507 1429 1429 1349 1349 1349 1349 1349 1430 1430 1430 1432 1432 1431 1431 1430 1430 1430
1967 2040 2040 2040 2040 2040 1967 1968 1968 1894 1894 1819 1819 1819 1818 1893 1893 1818 1893 1968 1968 1968 1894 1893 1893 1893 1893 1894 1894 1894 1820 1745 1669 1591 1591 1669 1668 1590 1589 1588 1588 1588 1588 1587 1507 1426 1426 1427 1428 1427 1427 1506 1506 1584 1584 1584 1584 1583 1583 1582 1582 1582 1582 1504 1584 1506 1507 1428 1349 1349 1350 1350 1350 1350 1431 1431 1432 1432 1432 1432 1431 1430 1429 1430
1893 1968 1968 1967 2040 2040 1968 1968 1968 1894 1819 1820 1743 1819 1819 1893 1968 1968 1968 1968 1968 1968 1819 1819 1819 1894 1894 1894 1820 1820 1745 1669 1669 1668 1668 1667 1666 1666 1666 1666 1666 1587 1587 1507 1506 1426 1427 1427 1427 1427 1506 1505 1583 1583 1583 1583 1583 1583 1583 1583 1583 1583 1504 1504 1505 1507 1507 1428 1349 1350 1350 1351 1351 1350 1431 1431 1432 1351 1351 1431 1431 1430 1430 1430
1893 1893 1892 1967 2040 2040 1968 1968 1968 1969 1894 1820 1820 1819 1894 1894 1894 1968 1968 1968 1893 1893 1819 1820 1820 1894 1894 1820 1820 1745 1746 1746 1745 1667 1667 1666 1666 1666 1666 1666 1666 1587 1507 1507 1506 1507 1507 1507 1507 1506 1505 1583 1583 1583 1583 1582 1582 1504 1504 1583 1582 1504 1504 1504 1506 1507 1428 1429 1430 1350 1350 1350 1350 1431 1350 1431 1350 1268 1268 1350 1349 1349 1349 1349
1967 1892 1892 1967 2040 2040 2040 1968 1968 1969 1894 1894 1894 1894 1894 1894 1894 1894 1819 1819 1819 1819 1820 1819 1819 1894 1894 1820 1744 1745 1746 1745 1744 1667 1667 1667 1666 1666 1667 1588 1588 1508 1507 1507 1507 1508 1507 1507 1507 1506 1506 1584 1584 1584 1584 1504 1504 1504 1505 1504 1503 1503 1504 1505 1506 1507 1508 1428 1429 1349 1350 1431 1431 1431 1431 1349 1267 1268 1268 1267 1349 1349 1349 1348
1967 1967 1892 1893 1968 1967 2040 1968 1968 1968 1969 1969 1969 1969 1894 1895 1819 1819 1820 1820 1820 1820 1820 1744 1744 1744 1744 1744 1745 1746 1669 1590 1667 1667 1666 1667 1666 1743 1666 1587 1587 1507 1507 1507 1428 1428 1508 1508 1508 1507 1585 1585 1585 1663 1585 1505 1505 1505 1505 1504 1503 1503 1504 1505 1507 1509 1509 1509 1429 1430 1430 1431 1431 1431 1431 1350 1268 1267 1349 1349 1349 1348 1347 1427
1967 1967 1893 1819 1819 1893 1967 1967 1967 1968 1968 1968 1968 1968 1968 1894 1819 1819 1820 1820 1820 1820 1744 1744 1744 1744 1744 1745 1746 1670 1591 1590 1667 1667 1667 1666 1743 1742 1665 1586 1586 1507 1427 1427 1427 1428 1508 1508 1508 1507 1585 1585 1662 1739 1663 1662 1662 1662 1662 1662 1584 1505 1505 1505 1507 1509 1509 1509 1509 1429 1430 1430 1430 1431 1431 1430 1349 1349 1430 1430 1429 1347 1346 1506
1968 1893 1819 1819 1819 1819 1819 1818 1818 1893 1968 1968 1968 1968 1968 1894 1820 1820 1820 1821 1820 1820 1744 1744 1744 1744 1745 1746 1670 1592 1590 1666 1666 1667 1744 1667 1666 1666 1587 1507 1507 1507 1427 1427 1427 1508 1508 1508 1508 1507 1585 1663 1739 1739 1739 1739 1739 1662 1662 1662 1584 1505 1505 1506 1507 1427 1508 1509 1509 1429 1430 1430 1430 1430 1430 1430 1429 1348 1348 1348 1429 1347 1345 1426
1893 1819 1819 1819 1744 1819 1819 1818 1818 1893 1893 1892 1967 1968 1969 1895 1820 1820 1820 1744 1820 1820 1744 1745 1745 1746 1746 1670 1670 1669 1589 1589 1667 1667 1667 1590 1590 1510 1508 1507 1507 1507 1427 1427 1427 1507 1508 1508 1508 1507 1585 1662 1739 1738 1738 1738 1738 1661 1662 1662 1584 1506 1505 1506 1426 1427 1508 1509 1429 1509 1430 1430 1430 1429 1430 1349 1350 1430 1348 1348 1348 1427 1426 1426
1893 1819 1819 1744 1744 1818 1892 1892 1892 1892 1892 1892 1893 1893 1894 1819 1820 1820 1745 1745 1744 1744 1668 1669 1669 1669 1670 1670 1591 1590 1589 1589 1589 1589 1589 1589 1510 1510 1587 1507 1507 1427 1346 1345 1426 1426 1507 1507 1507 1586 1663 1739 1738 1738 1738 1661 1661 1661 1662 1584 1584 1585 1506 1506 1427 1427 1427 1508 1429 1429 1429 1430 1430 1349 1349 1349 1350 1430 1429 1429 1429 1427 1426 1426
1893 1819 1819 1744 1744 1818 1892 1892 1892 1892 1892 1892 1893 1893 1894 1819 1820 1820 1745 1745 1744 1744 1668 1669 1669 1669 1670 1670 1591 1590 1589 1589 1589 1589 1589 1589 1510 1510 1587 1507 1507 1427 1346 1345 1426 1426 1507 1507 1507 1586 1663 1739 1738 1738 1738 1661 1661 1661 1662 1584 1584 1585 1506 1506 1427 1427 1427 1508 1429 1429 1429 1430 1430 1349 1349 1349 1350 1430 1429 1429 1429 1427 1426 1426
1818 1819 1744 1744 1743 1893 1892 1966 1966 1965 1966 1892 1893 1818 1819 1819 1820 1821 1745 1745 1745 1668 1591 1592 1592 1669 1669 1668 1590 1590 1510 1510 1510 1510 1510 1509 1509 1588 1587 1508 1508 1427 1345 1425 1425 1426 1506 1507 1586 1663 1663 1739 1662 1662 1662 1583 1583 1583 1583 1584 1584 1585 1506 1507 1427 1427 1427 1428 1429 1429 1429 1430 1430 1430 1430 1430 1350 1350 1430 1429 1428 1427 1506 1425
1819 1743 1743 1743 1818 1892 1966 1966 1966 1965 1966 1891 1893 1893 1819 1820 1820 1820 1820 1820 1744 1668 1669 1668 1668 1668 1667 1589 1589 1589 1511 1510 1510 1510 1509 1508 1588 1588 1587 1507 1507 1345 1345 1425 1425 1426 1585 1585 1586 1585 1662 1662 1661 1583 1583 1505 1505 1505 1584 1584 1585 1585 1507 1427 1427 1427 1427 1428 1428 1508 1508 1428 1428 1428 1429 1430 1430 1349 1429 1429 1428 1426 1505 1505
1743 1743 1743 1819 1818 1892 1967 1967 1967 1967 1967 1892 1892 1968 1895 1820 1820 1820 1820 1744 1744 1668 1668 1668 1668 1669 1668 1590 1589 1589 1589 1511 1510 1509 1509 1508 1588 1588 1508 1426 1426 1344 1425 1425 1425 1505 1585 1585 1586 1664 1586 1663 1663 1662 1584 1584 1584 1584 1585 1585 1585 1507 1507 1507 1427 1428 1427 1426 1506 1508 1508 1508 1508 1508 1509 1509 1429 1428 1428 1428 1427 1426 1425 1505
1819 1743 1819 1819 1818 1893 1892 1967 1967 1892 1893 1893 1967 1968 1894 1820 1820 1820 1744 1745 1669 1669 1669 1669 1669 1669 1590 1511 1589 1589 1589 1510 1509 1508 1509 1509 1588 1588 1507 1425 1425 1424 1424 1424 1425 1426 1506 1506 1507 1508 1587 1587 1664 1663 1585 1585 1585 1585 1585 1585 1506 1507 1507 1507 1428 1427 1426 1426 1507 1587 1587 1508 1508 1508 1427 1427 1426 1427 1507 1426 1426 1425 1425 1505
1819 1818 1818 1819 1818 1893 1892 1892 1892 1818 1818 1894 1893 1893 1894 1895 1820 1820 1821 1669 1669 1669 1669 1669 1669 1591 1590 1590 1589 1589 1589 1588 1588 1508 1509 1588 1589 1588 1507 1505 1505 1505 1504 1504 1506 1506 1506 1507 1507 1586 1587 1587 1664 1585 1585 1506 1506 1506 1585 1585 1507 1507 1508 1428 1427 1505 1505 1425 1506 1506 1506 1506 1506 1506 1425 1425 1426 1426 1505 1505 1505 1504 1504 1505
1818 1818 1818 1818 1818 1818 1818 1819 1819 1743 1743 1819 1819 1819 1894 1894 1820 1820 1821 1669 1669 1669 1745 1669 1669 1590 1590 1590 1589 1589 1509 1509 1509 1509 1509 1510 1510 1508 1427 1506 1506 1584 1505 1505 1506 1506 1507 1507 1586 1586 1586 1585 1663 1585 1506 1506 1506 1506 1506 1586 1507 1508 1428 1428 1507 1506 1426 1426 1427 1427 1426 1506 1506 1505 1425 1425 1425 1425 1505 1504 1504 1504 1504 1505
1819 1818 1818 1818 1818 1818 1818 1744 1744 1667 1667 1744 1744 1744 1820 1819 1820 1820 1745 1745 1668 1668 1668 1668 1668 1590 1511 1511 1511 1511 1589 1509 1509 1429 1510 1510 1509 1508 1507 1585 1585 1584 1506 1506 1506 1506 1506 1506 1585 1585 1506 1584 1585 1585 1506 1506 1506 1506 1506 1585 1507 1427 1427 1427 1506 1426 1426 1426 1346 1427 1426 1426 1426 1425 1425 1425 1505 1425 1425 1425 1504 1504 1424 1424
1743 1818 1818 1819 1742 1743 1743 1667 1667 1667 1667 1668 1745 1745 1745 1821 1821 1745 1745 1745 1745 1668 1668 1591 1591 1512 1513 1513 1591 1512 1590 1590 1511 1430 1510 1510 1509 1428 1506 1584 1584 1584 1506 1426 1426 1507 1507 1506 1506 1506 1506 1506 1585 1585 1506 1506 1506 1506 1507 1506 1506 1427 1427 1426 1425 1506 1426 1426 1345 1345 1426 1425 1425 1425 1425 1505 1505 1505 1505 1425 1424 1424 1425 1425
1743 1819 1819 1743 1743 1743 1743 1744 1744 1668 1590 1590 1668 1668 1745 1745 1745 1745 1746 1746 1669 1669 1591 1592 1592 1513 1513 1592 1592 1591 1591 1590 1511 1511 1430 1510 1510 1508 1506 1584 1584 1584 1426 1426 1426 1507 1507 1506 1506 1506 1506 1585 1585 1585 1506 1505 1505 1505 1506 1506 1506 1426 1426 1426 1426 1426 1426 1426 1426 1425 1425 1425 1425 1425 1505 1505 1505 1505 1505 1425 1425 1505 1505 1505
1818 1819 1819 1743 1743 1743 1744 1744 1744 1668 1668 1668 1744 1744 1820 1820 1745 1746 1746 1746 1669 1591 1592 1592 1592 1592 1513 1592 1592 1591 1591 1512 1512 1511 1511 1510 1510 1508 1585 1584 1584 1504 1505 1426 1506 1506 1506 1506 1506 1506 1585 1585 1584 1584 1584 1584 1584 1505 1505 1505 1425 1426 1426 1426 1426 1426 1426 1426 1425 1425 1425 1425 1425 1505 1505 1505 1505 1505 1505 1505 1426 1506 1506 1425
1818 1819 1743 1743 1743 1743 1744 1667 1667 1589 1668 1744 1744 1744 1744 1744 1745 1746 1747 1746 1669 1592 1592 1592 1592 1592 1592 1592 1592 1591 1591 1512 1512 1590 1667 1589 1588 1587 1586 1584 1584 1583 1505 1426 1506 1505 1506 1426 1506 1507 1585 1584 1584 1584 1585 1584 1584 1584 1585 1506 1426 1426 1426 1426 1426 1426 1426 1425 1425 1425 1425 1425 1425 1425 1425 1505 1505 1505 1425 1505 1426 1427 1427 1426
1893 1819 1743 1742 1742 1743 1667 1667 1667 1744 1744 1744 1744 1744 1744 1668 1746 1746 1746 1746 1669 1669 1592 1592 1592 1592 1591 1592 1670 1592 1591 1512 1511 1589 1667 1589 1588 1588 1588 1586 1586 1585 1506 1506 1426 1506 1506 1506 1507 1507 1506 1585 1585 1585 1584 1585 1585 1585 1585 1506 1506 1506 1426 1426 1426 1426 1425 1425 1425 1424 1425 1425 1425 1424 1424 1505 1505 1426 1426 1426 1427 1427 1427 1426
1893 1818 1818 1817 1817 1742 1743 1743 1743 1744 1744 1744 1743 1820 1744 1744 1745 1745 1746 1669 1669 1669 1669 1669 1669 1591 1591 1670 1670 1669 1591 1512 1590 1590 1590 1590 1589 1588 1588 1588 1588 1588 1508 1507 1427 1507 1507 1507 1508 1508 1507 1507 1586 1586 1585 1585 1585 1585 1585 1506 1505 1425 1425 1425 1425 1425 1505 1425 1425 1425 1424 1424 1424 1424 1425 1505 1506 1426 1426 1426 1427 1427 1427 1427
1893 1893 1818 1818 1817 1818 1743 1743 1743 1744 1744 1743 1819 1819 1744 1745 1668 1745 1745 1746 1669 1668 1668 1668 1668 1668 1669 1669 1669 1669 1591 1591 1511 1511 1511 1590 1589 1588 1588 1588 1588 1588 1508 1428 1427 1427 1507 1507 1507 1427 1508 1507 1507 1586 1585 1585 1585 1585 1585 1505 1425 1425 1425 1425 1425 1505 1505 1425 1425 1426 1426 1425 1425 1424 1425 1425 1505 1506 1426 1427 1427 1427 1427 1427
1893 1818 1819 1819 1818 1817 1893 1894 1894 1819 1819 1820 1820 1820 1745 1668 1669 1669 1668 1669 1669 1669 1669 1669 1669 1591 1591 1669 1669 1746 1668 1591 1512 1512 1511 1590 1589 1588 1588 1588 1588 1588 1508 1508 1427 1427 1427 1508 1507 1507 1428 1507 1507 1506 1585 1585 1585 1585 1585 1584 1505 1425 1425 1425 1426 1426 1425 1425 1426 1426 1426 1425 1425 1424 1425 1425 1425 1506 1427 1427 1427 1427 1427 1427
1893 1818 1819 1819 1818 1817 1893 1894 1894 1819 1819 1820 1820 1820 1745 1668 1669 1669 1668 1669 1669 1669 1669 1669 1669 1591 1591 1669 1669 1746 1668 1591 1512 1512 1511 1590 1589 1588 1588 1588 1588 1588 1508 1508 1427 1427 1427 1508 1507 1507 1428 1507 1507 1506 1585 1585 1585 1585 1585 1584 1505 1425 1425 1425 1426 1426 1425 1425 1426 1426 1426 1425 1425 1424 1425 1425 1425 1506 1427 1427 1427 1427 1427 1427
1893 1818 1818 1818 1893 1892 1892 1893 1893 1893 1894 1820 1820 1821 1745 1669 1669 1669 1669 1591 1591 1669 1668 1668 1668 1591 1591 1668 1669 1669 1669 1591 1591 1591 1591 1590 1590 1589 1588 1588 1588 1588 1509 1508 1427 1428 1508 1509 1508 1507 1507 1507 1507 1506 1506 1506 1506 1584 1584 1584 1584 1505 1425 1426 1427 1426 1426 1426 1426 1426 1426 1425 1425 1425 1505 1505 1425 1506 1506 1506 1507 1427 1507 1426
1893 1893 1893 1893 1967 1966 1966 1892 1892 1818 1819 1820 1744 1745 1668 1668 1669 1669 1591 1591 1668 1667 1667 1668 1668 1668 1590 1667 1744 1744 1745 1668 1668 1668 1590 1590 1590 1590 1588 1588 1588 1588 1588 1587 1508 1508 1509 1509 1508 1507 1507 1507 1507 1507 1506 1506 1506 1585 1585 1584 1505 1505 1426 1426 1426 1426 1426 1426 1426 1426 1425 1425 1425 1505 1505 1505 1506 1506 1507 1506 1507 1427 1427 1427
1892 1967 1892 1967 1967 1967 1893 1818 1818 1819 1819 1744 1744 1668 1668 1590 1590 1591 1669 1668 1668 1667 1666 1666 1666 1666 1666 1743 1743 1819 1743 1744 1668 1668 1667 1589 1590 1510 1588 1588 1588 1588 1588 1587 1587 1587 1509 1508 1507 1507 1508 1508 1508 1507 1506 1585 1585 1585 1585 1506 1505 1505 1426 1426 1426 1426 1426 1426 1426 1426 1426 1426 1426 1506 1505 1505 1506 1506 1506 1506 1507 1427 1428 1428
