1. mHM/Maipo Basin 5710001/morph/soil_class_horizon_05.asc
ncols        384
nrows        768
xllcorner    -70.500000000000
yllcorner    -34.500000000000
cellsize     0.001953125000
NODATA_value -9999
[rows 38 to 75 of 768, columns 0 to 83 of 384]
2040 2112 2039 2039 2039 2040 1968 1893 1893 1893 1818 1819 1821 1745 1668 1668 1668 1669 1669 1668 1668 1668 1744 1744 1744 1743 1819 1819 1819 1819 1819 1819 1819 1819 1819 1819 1743 1666 1665 1666 1666 1666 1666 1587 1666 1666 1588 1508 1508 1508 1508 1508 1508 1586 1585 1663 1663 1586 1586 1507 1507 1507 1428 1428 1428 1428 1428 1428 1428 1427 1507 1507 1507 1507 1506 1506 1507 1507 1507 1507 1507 1508 1508 1509
2111 2111 2039 2039 2039 2040 1967 1892 1892 1742 1666 1744 1745 1745 1668 1668 1668 1669 1669 1668 1668 1668 1745 1744 1744 1819 1819 1743 1820 1819 1743 1819 1819 1819 1819 1819 1743 1666 1666 1666 1666 1666 1665 1665 1665 1665 1665 1587 1587 1508 1508 1508 1508 1586 1663 1663 1663 1586 1586 1507 1427 1427 1428 1428 1507 1508 1428 1428 1428 1427 1507 1506 1506 1507 1506 1506 1507 1507 1507 1427 1427 1427 1428 1428
1968 2040 2040 2040 1967 1893 1893 1742 1742 1667 1668 1668 1667 1667 1667 1668 1668 1668 1668 1744 1744 1744 1743 1819 1819 1818 1819 1819 1819 1743 1743 1743 1743 1819 1744 1743 1743 1666 1666 1666 1666 1666 1666 1666 1587 1665 1665 1587 1587 1508 1508 1508 1508 1586 1663 1663 1663 1586 1586 1507 1427 1427 1427 1427 1507 1507 1508 1508 1508 1507 1427 1507 1507 1507 1507 1507 1507 1507 1428 1428 1428 1427 1427 1427
1893 1893 1893 1893 1819 1818 1818 1743 1743 1745 1746 1669 1668 1668 1668 1667 1744 1744 1744 1744 1820 1819 1819 1819 1819 1818 1818 1819 1743 1743 1743 1743 1743 1744 1744 1743 1742 1665 1666 1666 1666 1666 1588 1588 1587 1665 1665 1587 1508 1508 1508 1508 1507 1586 1586 1586 1586 1586 1586 1507 1427 1427 1346 1427 1426 1427 1507 1507 1507 1507 1508 1508 1508 1508 1508 1508 1508 1428 1429 1428 1428 1427 1427 1427
1818 1893 1893 1893 1819 1818 1819 1819 1819 1744 1668 1668 1668 1668 1667 1667 1744 1744 1743 1743 1819 1819 1819 1819 1819 1819 1819 1743 1743 1743 1743 1743 1744 1745 1745 1820 1744 1666 1666 1668 1668 1667 1587 1587 1587 1664 1586 1587 1508 1508 1508 1507 1586 1587 1586 1586 1586 1586 1586 1507 1426 1346 1346 1428 1427 1427 1427 1507 1507 1507 1508 1508 1508 1428 1428 1428 1428 1348 1429 1428 1427 1427 1427 1427
1819 1893 1893 1893 1893 1893 1819 1819 1819 1743 1667 1668 1668 1667 1667 1744 1744 1667 1743 1819 1819 1819 1744 1743 1743 1743 1743 1744 1667 1667 1667 1667 1745 1745 1745 1745 1745 1744 1744 1667 1667 1666 1587 1587 1586 1663 1586 1508 1508 1508 1507 1507 1507 1586 1586 1586 1586 1586 1586 1506 1426 1427 1428 1428 1428 1427 1427 1427 1507 1507 1507 1427 1427 1427 1427 1428 1348 1348 1347 1428 1428 1428 1427 1427
1819 1893 1892 1892 1893 1893 1819 1819 1819 1744 1744 1668 1668 1668 1744 1744 1667 1667 1743 1818 1819 1820 1744 1743 1743 1666 1667 1667 1667 1667 1667 1744 1744 1744 1745 1745 1668 1667 1744 1742 1742 1665 1587 1587 1586 1664 1586 1508 1508 1507 1507 1507 1507 1586 1586 1586 1586 1586 1586 1507 1426 1427 1427 1427 1427 1427 1427 1427 1427 1507 1507 1507 1507 1507 1427 1428 1428 1428 1347 1347 1428 1428 1507 1507
1818 1893 1893 1893 1893 1818 1819 1819 1819 1820 1744 1744 1744 1744 1667 1667 1667 1743 1819 1819 1819 1820 1744 1667 1667 1667 1589 1589 1667 1667 1744 1744 1744 1744 1744 1668 1668 1667 1666 1665 1665 1665 1665 1665 1664 1586 1507 1508 1507 1506 1506 1507 1586 1586 1586 1586 1586 1586 1586 1507 1506 1427 1427 1427 1427 1427 1427 1428 1428 1507 1507 1507 1507 1506 1506 1427 1428 1428 1428 1428 1428 1428 1427 1507
1742 1818 1893 1893 1893 1818 1819 1819 1819 1743 1666 1666 1743 1743 1744 1744 1744 1743 1819 1819 1820 1820 1743 1666 1666 1589 1590 1589 1667 1668 1745 1745 1744 1744 1744 1668 1667 1667 1588 1587 1587 1587 1665 1664 1663 1586 1507 1507 1586 1586 1507 1508 1507 1507 1585 1586 1586 1586 1586 1585 1506 1506 1426 1427 1427 1427 1507 1508 1508 1508 1508 1508 1508 1507 1507 1427 1428 1428 1428 1428 1428 1427 1427 1427
1817 1818 1893 1893 1893 1818 1819 1818 1818 1818 1742 1743 1819 1819 1819 1819 1819 1819 1819 1819 1819 1744 1667 1667 1667 1666 1667 1667 1743 1820 1745 1821 1744 1744 1668 1668 1589 1589 1588 1587 1587 1665 1664 1663 1663 1586 1507 1507 1507 1507 1507 1507 1507 1586 1586 1586 1586 1586 1585 1585 1506 1506 1426 1427 1427 1508 1507 1507 1507 1507 1428 1428 1428 1507 1507 1508 1508 1428 1428 1428 1428 1427 1507 1427
1891 1892 1893 1893 1893 1819 1667 1666 1666 1819 1743 1818 1819 1819 1819 1819 1819 1819 1819 1819 1819 1744 1744 1744 1744 1744 1743 1742 1818 1819 1819 1820 1744 1668 1668 1668 1667 1667 1666 1666 1666 1666 1665 1664 1664 1586 1507 1507 1507 1507 1507 1507 1586 1586 1586 1586 1586 1586 1585 1584 1505 1506 1426 1427 1427 1507 1507 1507 1586 1585 1506 1507 1507 1507 1508 1508 1507 1427 1428 1428 1428 1428 1508 1427
1892 1892 1893 1819 1744 1819 1744 1668 1668 1744 1819 1819 1743 1819 1819 1818 1819 1894 1893 1819 1819 1744 1745 1744 1744 1744 1743 1818 1818 1818 1819 1744 1820 1745 1668 1668 1668 1668 1667 1667 1667 1667 1666 1665 1586 1586 1586 1586 1507 1507 1507 1585 1507 1585 1585 1586 1586 1586 1585 1585 1506 1506 1427 1427 1427 1507 1506 1585 1585 1585 1585 1586 1586 1507 1507 1427 1427 1507 1427 1428 1428 1508 1508 1507
1892 1892 1893 1819 1744 1819 1744 1668 1668 1744 1819 1819 1743 1819 1819 1818 1819 1894 1893 1819 1819 1744 1745 1744 1744 1744 1743 1818 1818 1818 1819 1744 1820 1745 1668 1668 1668 1668 1667 1667 1667 1667 1666 1665 1586 1586 1586 1586 1507 1507 1507 1585 1507 1585 1585 1586 1586 1586 1585 1585 1506 1506 1427 1427 1427 1507 1506 1585 1585 1585 1585 1586 1586 1507 1507 1427 1427 1507 1427 1428 1428 1508 1508 1507
1818 1818 1818 1818 1818 1818 1819 1820 1820 1820 1819 1819 1820 1819 1819 1818 1893 1893 1893 1894 1819 1744 1821 1820 1820 1820 1743 1743 1743 1743 1743 1744 1820 1745 1668 1668 1668 1668 1668 1668 1668 1668 1668 1667 1587 1587 1587 1586 1586 1507 1506 1586 1507 1585 1585 1586 1586 1507 1506 1506 1426 1506 1506 1427 1427 1426 1426 1506 1506 1506 1507 1507 1507 1507 1507 1427 1426 1427 1427 1428 1428 1508 1428 1507
1819 1819 1819 1818 1818 1818 1819 1820 1820 1743 1743 1820 1820 1819 1819 1819 1893 1893 1894 1894 1820 1821 1820 1821 1821 1820 1744 1743 1743 1744 1744 1820 1820 1744 1668 1668 1668 1668 1667 1668 1668 1668 1668 1667 1744 1743 1587 1508 1587 1507 1507 1507 1586 1507 1507 1507 1507 1427 1426 1426 1426 1506 1506 1427 1426 1426 1426 1426 1426 1426 1426 1426 1426 1427 1427 1426 1426 1427 1427 1428 1509 1509 1508 1508
1819 1819 1893 1893 1818 1819 1819 1820 1820 1744 1744 1820 1819 1894 1894 1894 1894 1894 1895 1820 1821 1821 1821 1821 1821 1820 1820 1744 1820 1744 1820 1820 1820 1744 1745 1668 1668 1668 1668 1668 1668 1591 1668 1745 1744 1744 1589 1588 1587 1587 1508 1508 1508 1508 1508 1428 1428 1427 1427 1426 1426 1426 1426 1506 1507 1427 1427 1427 1427 1427 1427 1427 1427 1427 1508 1507 1427 1427 1428 1509 1509 1509 1508 1508
1819 1894 1893 1893 1893 1894 1894 1895 1895 1821 1744 1819 1894 1894 1969 1894 1894 1895 1820 1820 1821 1821 1745 1821 1821 1821 1820 1820 1820 1819 1820 1820 1820 1820 1744 1668 1668 1668 1590 1590 1590 1590 1590 1668 1744 1744 1667 1588 1588 1587 1508 1508 1508 1428 1428 1428 1428 1428 1427 1427 1426 1426 1427 1427 1507 1428 1427 1427 1427 1427 1427 1428 1428 1507 1507 1507 1427 1428 1429 1509 1509 1509 1508 1587
1744 1819 1819 1893 1818 1819 1819 1820 1820 1820 1820 1820 1895 1894 1894 1968 1969 1895 1895 1820 1821 1821 1746 1822 1822 1822 1745 1820 1820 1819 1820 1820 1820 1819 1820 1745 1668 1668 1590 1590 1590 1590 1590 1667 1667 1668 1667 1588 1588 1587 1508 1508 1428 1428 1428 1428 1428 1428 1427 1427 1427 1426 1506 1427 1427 1428 1428 1428 1427 1427 1428 1428 1428 1507 1507 1507 1428 1429 1429 1509 1509 1508 1508 1508
1744 1819 1819 1819 1744 1744 1744 1820 1820 1820 1894 1894 1895 1895 1894 1968 1968 1968 2042 1969 1895 1821 1745 1821 1821 1821 1821 1821 1895 1895 1895 1820 1820 1820 1820 1820 1744 1667 1667 1667 1667 1667 1667 1667 1667 1668 1589 1588 1587 1587 1508 1428 1428 1428 1428 1428 1428 1428 1427 1427 1427 1427 1427 1427 1507 1427 1428 1428 1428 1508 1428 1428 1428 1427 1507 1507 1428 1428 1428 1428 1507 1508 1508 1508
1820 1819 1819 1744 1744 1744 1744 1820 1820 1895 1894 1894 1895 1895 1895 1969 1968 2041 1969 1820 1820 1821 1821 1821 1821 1895 1820 1821 1820 1895 1895 1895 1895 1894 1893 1893 1819 1743 1667 1667 1667 1667 1589 1667 1666 1667 1588 1587 1586 1508 1428 1428 1428 1428 1428 1428 1428 1427 1427 1347 1427 1427 1427 1427 1427 1427 1428 1428 1428 1428 1428 1428 1428 1428 1428 1428 1428 1428 1428 1428 1507 1507 1508 1508
1819 1819 1820 1821 1820 1820 1820 1820 1820 1894 1894 1895 1895 1895 1895 1969 1969 1969 1895 1821 1821 1821 1821 1820 1820 1895 1820 1820 1820 1895 1820 1895 1895 1895 1895 1895 1818 1742 1665 1665 1665 1588 1589 1589 1666 1666 1587 1586 1507 1507 1507 1428 1428 1428 1428 1428 1428 1428 1428 1347 1428 1427 1427 1427 1427 1427 1428 1428 1428 1428 1428 1428 1428 1428 1428 1428 1428 1428 1428 1428 1428 1508 1508 1510
1819 1894 1820 1821 1820 1821 1820 1895 1895 1969 1969 1969 1968 1968 2042 1969 1895 1820 1821 1822 1745 1745 1821 1820 1820 1820 1820 1744 1744 1820 1820 1819 1820 1820 1821 1820 1742 1742 1665 1666 1666 1589 1511 1511 1589 1588 1587 1507 1507 1507 1507 1508 1428 1429 1429 1429 1429 1348 1428 1428 1428 1428 1428 1428 1428 1428 1428 1428 1428 1508 1428 1428 1428 1428 1428 1428 1428 1428 1428 1427 1427 1428 1429 1509
1894 1894 1895 1896 1896 1821 1820 1895 1895 2042 2042 2042 2042 2042 2042 1970 1895 1821 1822 1746 1746 1745 1745 1821 1821 1821 1820 1744 1744 1744 1743 1819 1820 1745 1745 1744 1743 1666 1666 1589 1589 1511 1511 1512 1511 1510 1508 1508 1508 1508 1508 1508 1429 1348 1349 1429 1429 1348 1428 1428 1428 1508 1428 1428 1427 1427 1428 1508 1508 1508 1428 1428 1428 1428 1507 1508 1508 1428 1427 1427 1427 1428 1428 1508
1895 1821 1821 1821 1821 1896 1895 1969 1969 1969 2042 2041 2041 1969 1969 1895 1821 1822 1822 1746 1746 1745 1745 1745 1745 1821 1821 1820 1744 1743 1744 1820 1820 1745 1745 1745 1667 1667 1667 1667 1667 1589 1511 1511 1510 1510 1429 1508 1508 1509 1509 1508 1429 1430 1430 1348 1348 1347 1428 1428 1428 1428 1428 1427 1427 1427 1508 1508 1507 1507 1508 1428 1428 1507 1507 1508 1507 1427 1427 1427 1428 1428 1508 1507
1896 1821 1821 1895 1895 1895 1969 1969 1969 1969 1969 1969 1969 1969 1894 1895 1896 1821 1822 1746 1746 1745 1745 1745 1745 1745 1746 1746 1821 1820 1819 1819 1820 1745 1745 1668 1745 1745 1744 1744 1744 1667 1589 1589 1509 1510 1510 1510 1509 1509 1509 1509 1429 1429 1429 1429 1429 1428 1428 1428 1428 1428 1427 1427 1427 1427 1507 1507 1507 1507 1507 1506 1506 1506 1507 1427 1427 1427 1427 1427 1428 1428 1508 1507
1895 1895 1895 1970 1971 1971 1970 1970 1970 1970 1969 1969 1969 1894 1895 1896 1896 1821 1746 1746 1746 1745 1745 1745 1745 1745 1745 1745 1745 1745 1745 1820 1820 1744 1744 1745 1745 1745 1744 1744 1744 1666 1666 1587 1508 1509 1509 1429 1429 1509 1509 1429 1429 1429 1508 1508 1508 1508 1427 1427 1427 1507 1506 1506 1506 1506 1506 1427 1427 1507 1507 1506 1506 1506 1507 1427 1427 1427 1427 1427 1428 1428 1508 1508
1895 1970 1970 1896 1971 1969 2041 2041 2041 1969 1970 1895 1895 1895 1896 1896 1896 1822 1822 1822 1746 1745 1745 1745 1745 1745 1745 1745 1744 1744 1744 1744 1744 1744 1744 1744 1744 1745 1744 1743 1743 1666 1665 1586 1508 1508 1508 1508 1508 1508 1508 1429 1429 1508 1508 1507 1507 1507 1507 1427 1506 1506 1584 1505 1505 1506 1426 1507 1507 1507 1507 1506 1506 1506 1506 1427 1427 1427 1427 1427 1427 1428 1428 1428
1894 1970 1970 1894 1969 1969 1968 1968 1968 1969 1895 1895 1896 1896 1896 1895 1895 1821 1822 1822 1745 1745 1746 1746 1746 1745 1745 1745 1745 1745 1744 1744 1744 1745 1667 1667 1667 1744 1744 1666 1666 1665 1586 1586 1586 1586 1508 1508 1508 1509 1509 1429 1508 1508 1507 1507 1507 1506 1506 1506 1505 1505 1505 1505 1505 1426 1426 1507 1507 1507 1507 1507 1507 1506 1506 1427 1427 1427 1427 1427 1427 1428 1429 1428
1894 1970 1970 1894 1969 1969 1968 1968 1968 1969 1895 1895 1896 1896 1896 1895 1895 1821 1822 1822 1745 1745 1746 1746 1746 1745 1745 1745 1745 1745 1744 1744 1744 1745 1667 1667 1667 1744 1744 1666 1666 1665 1586 1586 1586 1586 1508 1508 1508 1509 1509 1429 1508 1508 1507 1507 1507 1506 1506 1506 1505 1505 1505 1505 1505 1426 1426 1507 1507 1507 1507 1507 1507 1506 1506 1427 1427 1427 1427 1427 1427 1428 1429 1428
1970 1970 1969 1969 1969 1969 1969 1894 1894 1894 1895 1896 1896 1896 1896 1895 1895 1821 1822 1822 1822 1822 1746 1746 1746 1746 1746 1746 1746 1745 1744 1744 1744 1668 1667 1667 1667 1666 1665 1586 1586 1586 1586 1586 1586 1586 1507 1508 1428 1508 1508 1428 1508 1507 1507 1506 1506 1506 1505 1505 1505 1505 1505 1505 1426 1426 1426 1427 1507 1427 1427 1427 1427 1426 1506 1506 1506 1506 1427 1427 1426 1427 1428 1428
1894 1894 1894 1969 1969 1970 1895 1895 1895 1895 1895 1895 1895 1970 1895 1895 1896 1822 1823 1822 1822 1822 1746 1823 1823 1746 1746 1746 1747 1746 1745 1745 1668 1668 1667 1667 1667 1665 1664 1586 1586 1586 1586 1585 1586 1586 1507 1428 1428 1508 1508 1428 1508 1507 1507 1507 1507 1506 1506 1505 1505 1505 1504 1584 1506 1426 1506 1507 1427 1427 1427 1427 1427 1427 1427 1506 1506 1506 1507 1427 1427 1427 1428 1428
1894 1894 1894 1969 1970 1895 1895 1895 1895 1895 1895 1895 1895 1895 1895 1895 1896 1821 1822 1822 1822 1821 1746 1747 1747 1822 1746 1746 1746 1746 1745 1668 1668 1668 1590 1667 1666 1665 1664 1586 1586 1586 1586 1586 1587 1508 1507 1428 1428 1507 1508 1508 1508 1508 1508 1507 1507 1506 1506 1505 1505 1504 1504 1505 1426 1428 1428 1428 1507 1427 1507 1427 1427 1427 1427 1507 1507 1507 1506 1427 1427 1427 1428 1428
1969 1969 1894 1895 1895 1895 1895 1895 1895 1895 1895 1895 1895 1895 1895 1821 1821 1822 1822 1822 1746 1746 1746 1746 1746 1746 1746 1745 1746 1746 1668 1668 1668 1668 1590 1667 1665 1664 1586 1586 1586 1586 1587 1586 1587 1508 1507 1507 1508 1508 1508 1508 1508 1508 1508 1507 1507 1506 1506 1505 1505 1505 1505 1505 1426 1347 1428 1428 1507 1507 1427 1427 1427 1427 1427 1507 1507 1506 1507 1427 1427 1427 1427 1347
1969 1969 1894 1895 1895 1895 1896 1896 1896 1896 1896 1896 1896 1896 1821 1822 1822 1822 1822 1822 1746 1747 1746 1746 1746 1746 1746 1745 1745 1745 1668 1668 1745 1668 1668 1589 1587 1586 1586 1586 1586 1586 1586 1586 1507 1507 1427 1507 1507 1507 1508 1508 1508 1508 1507 1586 1586 1585 1585 1585 1585 1506 1506 1426 1426 1347 1428 1428 1427 1427 1428 1428 1428 1428 1428 1428 1427 1507 1507 1427 1427 1427 1427 1347
1969 1894 1894 1820 1820 1896 1896 1897 1897 1822 1897 1896 1821 1821 1745 1821 1822 1822 1822 1822 1745 1745 1746 1822 1822 1746 1746 1745 1745 1668 1668 1744 1820 1745 1668 1667 1587 1586 1586 1586 1586 1586 1586 1586 1507 1426 1426 1506 1506 1507 1508 1508 1508 1507 1507 1586 1586 1585 1585 1585 1507 1507 1507 1507 1507 1428 1428 1428 1428 1428 1429 1429 1429 1429 1429 1429 1428 1507 1507 1507 1508 1428 1348 1349
1969 1894 1894 1895 1896 1821 1822 1822 1822 1897 1822 1821 1821 1745 1745 1896 1821 1821 1821 1745 1745 1820 1820 1821 1821 1746 1746 1745 1745 1745 1744 1820 1820 1745 1745 1666 1585 1585 1586 1586 1586 1585 1585 1586 1586 1506 1506 1506 1506 1506 1507 1508 1508 1507 1507 1586 1586 1586 1507 1507 1507 1427 1507 1507 1507 1427 1428 1428 1428 1429 1429 1429 1429 1429 1430 1430 1429 1508 1508 1508 1507 1428 1429 1430
1894 1894 1895 1896 1821 1822 1822 1822 1822 1896 1896 1895 1821 1821 1821 1822 1821 1821 1745 1745 1821 1820 1820 1821 1821 1746 1746 1745 1821 1820 1820 1820 1820 1819 1742 1663 1584 1584 1584 1584 1584 1662 1585 1586 1586 1586 1586 1507 1507 1507 1507 1508 1508 1508 1508 1586 1586 1507 1507 1507 1507 1427 1427 1427 1427 1428 1347 1429 1429 1430 1429 1429 1429 1430 1431 1430 1509 1509 1508 1508 1428 1507 1508 1429
1894 1894 1895 1821 1745 1746 1822 1821 1821 1895 1896 1821 1822 1822 1822 1747 1822 1822 1746 1746 1745 1820 1820 1821 1821 1746 1669 1745 1820 1819 1819 1894 1894 1818 1741 1663 1663 1585 1584 1662 1662 1662 1585 1585 1586 1586 1586 1508 1508 1508 1428 1428 1428 1428 1508 1508 1508 1507 1427 1427 1427 1427 1428 1427 1428 1347 1348 1348 1429 1429 1430 1430 1430 1430 1430 1429 1510 1510 1510 1510 1509 1508 1508 1429
