1. mHM/Maipo Basin 5710001/morph/soil_class_horizon_05.asc
ncols        384
nrows        768
xllcorner    -70.500000000000
yllcorner    -34.500000000000
cellsize     0.001953125000
NODATA_value -9999
[rows 114 to 151 of 768, columns 84 to 167 of 384]
1437 1436 1436 1436 1436 1355 1355 1355 1354 1352 1432 1431 1511 1511 1511 1510 1430 1429 1509 1509 1509 1509 1509 1509 1508 1508 1508 1508 1508 1508 1428 1429 1349 1349 1350 1350 1350 1349 1349 1430 1430 1429 1429 1428 1428 1429 1429 1428 1428 1428 1347 1347 1347 1427 1427 1346 1427 1426 1345 1346 1346 1347 1265 1265 1346 1264 1264 1264 1264 1264 2442 1262 1262 1262 1261 1261 1261 1261 1261 1344 1344 1344 1345 1264
1437 1436 1436 1436 1436 1355 1355 1355 1354 1352 1432 1432 1512 1511 1511 1430 1430 1510 1509 1509 1509 1508 1508 1509 1509 1508 1508 1508 1508 1508 1428 1429 1349 1349 1268 1268 1268 1350 1349 1430 1429 1429 1429 1429 1429 1428 1428 1428 1428 1347 1347 1347 1347 1427 1427 1427 1427 1346 1346 1427 1427 1426 1426 1426 1346 1346 1346 1346 1346 1346 1346 1345 1345 1344 1343 1343 1343 1343 1262 1262 1345 1262 1344 1263
1436 1436 1436 1436 1436 1355 1355 1355 1353 1352 1351 1432 1511 1511 1510 1510 1510 1509 1509 1509 1509 1508 1587 1509 1509 1429 1429 1429 1429 1428 1428 1429 1349 1349 1350 1268 1268 1350 1430 1429 1429 1429 1428 1429 1429 1428 1347 1347 1347 1347 1347 1346 1346 1426 1426 1427 1427 1428 1427 1506 1506 1426 1426 1426 1346 1427 1427 1346 1346 1346 1346 1345 1345 1425 1424 1424 1504 1425 1345 1345 1345 1262 1262 1344
1436 1436 1436 1436 1436 1355 1355 1354 1353 1432 1431 1431 1511 1510 1589 1588 1588 1587 1508 1508 1508 1509 1509 1509 1429 1430 1430 1429 1429 1429 1429 1430 1349 1350 1350 1350 1350 1350 1430 1429 1429 1428 1428 1428 1428 1347 1346 1346 1347 1347 1347 1427 1427 1426 1505 1506 1506 1507 1507 1506 1585 1506 1425 1505 1426 1427 1346 1345 1345 1346 1264 1346 1426 1425 1424 1504 1504 1425 1426 1345 1344 1343 1424 1424
1436 1436 1436 1437 1437 1436 1515 1435 1352 1432 1431 1431 1511 1589 1588 1666 1665 1587 1587 1587 1587 1587 1508 1429 1429 1430 1430 1430 1429 1429 1349 1349 1430 1350 1350 1350 1350 1431 1430 1430 1429 1428 1428 1428 1347 1347 1347 1346 1347 1347 1428 1427 1427 1506 1584 1506 1507 1507 1506 1506 1506 1505 1505 1504 1504 1505 1264 1264 1264 1264 1264 1346 1426 1424 1504 1504 1504 1424 1425 1344 1344 1344 1344 1344
1436 1516 1436 1436 1436 1516 1515 1435 1352 1432 1431 1431 1510 1588 1666 1665 1665 1587 1587 1587 1587 1587 1508 1508 1428 1429 1429 1429 1429 1348 1349 1349 1349 1350 1268 1350 1350 1431 1430 1510 1510 1509 1429 1429 1347 1347 1347 1347 1347 1428 1428 1507 1507 1506 1506 1507 1506 1505 1505 1506 1506 1504 1504 1504 1504 1504 1180 1264 1264 1264 1264 1346 1425 1504 1504 1504 1504 1504 1425 1344 1262 1263 1262 1262
1436 1516 1516 1515 1515 1515 1515 1515 1433 1432 1431 1430 1509 1587 1742 1664 1665 1587 1508 1508 1508 1507 1508 1508 1428 1428 1428 1429 1429 1349 1349 1430 1349 1350 1268 1350 1350 1350 1430 1430 1430 1429 1429 1348 1347 1347 1347 1347 1348 1428 1507 1507 1507 1507 1507 1507 1506 1505 1505 1505 1505 1504 1504 1504 1582 1582 1180 1264 1264 1264 1345 1345 1425 1503 1503 1503 1504 1504 1425 1344 1344 1344 1345 1345
1515 1515 1515 1514 1514 1514 1514 1513 1433 1431 1510 1509 1509 1587 1664 1664 1664 1587 1587 1507 1507 1507 1508 1508 1428 1428 1428 1429 1429 1349 1430 1429 1349 1350 1350 1350 1350 1350 1430 1349 1430 1430 1430 1349 1348 1348 1348 1348 1348 1428 1508 1428 1428 1507 1506 1506 1505 1505 1505 1505 1504 1504 1504 1504 1503 1423 1344 1264 1264 1345 1345 1425 1425 1425 1425 1425 1504 1504 1425 1344 1345 1345 1345 1426
1514 1514 1593 1592 1592 1591 1591 1591 1511 1510 1510 1509 1588 1587 1587 1664 1586 1586 1586 1586 1586 1508 1508 1508 1428 1428 1428 1348 1348 1349 1349 1349 1349 1349 1350 1350 1350 1350 1431 1430 1431 1430 1430 1349 1349 1267 1267 1348 1429 1428 1428 1427 1427 1507 1506 1426 1425 1425 1425 1425 1424 1424 1504 1504 1423 1424 1344 1264 1264 1264 1264 1264 1426 1426 1426 1426 1505 1505 1426 1346 1346 1346 1427 1427
1514 1593 1592 1592 1592 1669 1668 1590 1589 1588 1510 1588 1587 1587 1587 1587 1586 1586 1586 1586 1586 1508 1508 1508 1508 1428 1429 1429 1429 1430 1430 1349 1349 1268 1268 1350 1350 1350 1431 1430 1430 1430 1349 1349 1267 1267 1266 1348 1428 1508 1427 1427 1427 1427 1506 1426 1426 1345 1344 1425 1424 1424 1424 1424 1423 1424 1344 1180 1180 1181 1180 1180 1264 1346 1346 1346 1345 1346 1346 1346 1347 1348 1347 1347
1593 1592 1592 1592 1592 1669 1668 1667 1667 1588 1588 1588 1587 1587 1587 1587 1587 1507 1507 1507 1507 1508 1428 1428 1509 1509 1428 1428 1428 1429 1429 1349 1268 1268 1268 1350 1350 1350 1431 1430 1429 1430 1349 1349 1349 1348 1429 1428 1428 1348 1428 1427 1427 1507 1427 1427 1346 1345 1344 1425 1344 1424 1424 1345 1265 1346 1264 1181 1181 1181 1264 1181 1265 1265 1265 1346 1346 1347 1347 1347 1348 1348 1347 1347
1592 1592 1592 1592 1592 1592 1669 1668 1667 1666 1588 1587 1587 1587 1587 1587 1587 1508 1508 1428 1428 1508 1428 1428 1429 1429 1429 1428 1428 1428 1429 1349 1268 1268 1350 1350 1350 1350 1430 1430 1429 1430 1430 1348 1348 1430 1429 1428 1429 1429 1428 1427 1427 1427 1427 1346 1347 1346 1345 1345 1344 1424 1425 1346 1265 1346 1264 1264 1264 1181 1180 1180 1264 1264 1264 1347 1347 1347 1348 1348 1348 1347 1347 1347
1592 1513 1592 1592 1592 1592 1592 1591 1590 1588 1588 1508 1587 1587 1587 1587 1587 1587 1508 1428 1428 1508 1429 1430 1429 1509 1587 1587 1508 1428 1429 1430 1350 1350 1350 1350 1350 1431 1430 1430 1430 1429 1429 1429 1429 1429 1429 1429 1429 1428 1427 1427 1427 1427 1427 1427 1347 1347 1347 1347 1346 1264 1346 1347 1347 1265 1346 1346 1346 1264 1181 1181 1264 1264 1264 1265 1266 1348 1349 1348 1347 1347 1347 1347
1593 1514 1513 1513 1513 1513 1513 1592 1591 1590 1510 1509 1588 1588 1587 1587 1587 1587 1587 1587 1587 1509 1430 1430 1509 1587 1587 1587 1587 1509 1510 1431 1350 1350 1350 1431 1431 1430 1430 1429 1429 1430 1430 1430 1430 1429 1428 1428 1428 1428 1427 1427 1427 1427 1427 1427 1347 1347 1265 1265 1265 1265 1265 1347 1347 1347 1345 1345 1345 1264 1181 1265 1265 1265 1265 1265 1347 1348 1348 1348 1347 1347 1347 1347
1514 1434 1514 1513 1513 1513 1513 1592 1592 1591 1511 1510 1589 1588 1509 1587 1587 1587 1587 1509 1509 1430 1430 1431 1510 1508 1508 1587 1587 1587 1509 1430 1350 1350 1350 1350 1350 1349 1349 1349 1430 1430 1349 1430 1429 1429 1428 1428 1428 1428 1346 1427 1427 1427 1427 1427 1347 1347 1347 1347 1346 1346 1346 1347 1347 1346 1426 1345 1345 1264 1265 1265 1265 1265 1265 1347 1347 1347 1347 1347 1347 1347 1347 1347
1514 1514 1514 1514 1514 1514 1513 1592 1592 1512 1511 1511 1589 1509 1509 1587 1587 1587 1509 1430 1430 1430 1431 1431 1510 1508 1586 1586 1587 1587 1587 1509 1431 1350 1350 1350 1350 1349 1429 1349 1349 1431 1430 1348 1348 1347 1428 1428 1348 1347 1347 1427 1427 1428 1428 1428 1427 1427 1427 1427 1427 1427 1346 1347 1346 1345 1427 1427 1427 1427 1346 1265 1265 1347 1347 1347 1347 1347 1347 1427 1427 1346 1265 1347
1514 1514 1514 1514 1514 1514 1513 1592 1592 1512 1511 1511 1589 1509 1509 1587 1587 1587 1509 1430 1430 1430 1431 1431 1510 1508 1586 1586 1587 1587 1587 1509 1431 1350 1350 1350 1350 1349 1429 1349 1349 1431 1430 1348 1348 1347 1428 1428 1348 1347 1347 1427 1427 1428 1428 1428 1427 1427 1427 1427 1427 1427 1346 1347 1346 1345 1427 1427 1427 1427 1346 1265 1265 1347 1347 1347 1347 1347 1347 1427 1427 1346 1265 1347
1592 1592 1513 1513 1513 1513 1513 1592 1592 1512 1511 1510 1589 1509 1509 1587 1587 1509 1430 1430 1430 1431 1432 1431 1510 1587 1587 1586 1587 1587 1587 1588 1510 1431 1431 1430 1430 1430 1430 1349 1349 1350 1349 1348 1347 1428 1428 1348 1348 1347 1347 1347 1347 1428 1428 1428 1428 1427 1427 1427 1427 1427 1427 1426 1506 1506 1506 1506 1506 1506 1427 1347 1347 1428 1427 1427 1427 1427 1427 1507 1506 1507 1428 1347
1592 1592 1592 1513 1513 1513 1513 1513 1513 1512 1511 1510 1588 1509 1509 1509 1510 1431 1432 1432 1432 1432 1431 1431 1510 1587 1587 1587 1508 1587 1588 1588 1510 1430 1430 1430 1430 1430 1429 1349 1349 1349 1430 1429 1348 1348 1348 1348 1348 1347 1347 1347 1347 1347 1428 1428 1428 1428 1347 1428 1428 1427 1426 1506 1506 1505 1584 1506 1506 1506 1426 1427 1427 1427 1427 1427 1427 1427 1427 1507 1507 1507 1507 1427
1592 1593 1592 1592 1592 1592 1592 1592 1513 1512 1590 1589 1589 1510 1509 1509 1430 1431 1431 1431 1431 1431 1431 1430 1509 1508 1508 1587 1508 1587 1587 1588 1510 1430 1430 1429 1429 1429 1429 1429 1430 1430 1429 1429 1429 1348 1347 1348 1348 1347 1347 1347 1347 1347 1428 1428 1428 1428 1428 1347 1347 1347 1347 1428 1507 1584 1584 1585 1585 1506 1506 1426 1427 1427 1427 1427 1427 1427 1427 1427 1427 1346 1427 1428
1593 1514 1514 1592 1592 1592 1592 1591 1591 1591 1589 1588 1588 1509 1429 1430 1430 1430 1430 1510 1510 1510 1510 1430 1509 1509 1508 1508 1587 1587 1508 1509 1509 1509 1429 1429 1429 1348 1348 1348 1429 1429 1429 1429 1348 1348 1347 1348 1348 1347 1347 1347 1347 1347 1347 1347 1347 1347 1347 1347 1347 1347 1347 1347 1427 1506 1505 1505 1505 1505 1505 1506 1506 1426 1426 1425 1505 1506 1506 1505 1426 1426 1426 1426
1514 1514 1514 1513 1513 1592 1591 1591 1591 1590 1590 1589 1588 1588 1509 1510 1510 1510 1510 1510 1510 1509 1509 1509 1509 1508 1508 1587 1587 1587 1587 1587 1508 1508 1508 1428 1428 1428 1428 1428 1428 1427 1428 1347 1347 1347 1428 1348 1348 1347 1347 1347 1347 1347 1347 1428 1427 1427 1347 1347 1347 1347 1347 1428 1428 1427 1506 1505 1505 1505 1425 1506 1506 1426 1425 1505 1505 1506 1506 1505 1425 1425 1425 1506
1514 1514 1514 1513 1513 1591 1591 1591 1590 1590 1590 1589 1589 1589 1510 1510 1510 1510 1510 1510 1510 1509 1509 1509 1508 1508 1508 1508 1587 1587 1587 1587 1508 1508 1508 1508 1508 1508 1428 1427 1427 1427 1347 1347 1428 1427 1428 1428 1347 1347 1347 1427 1427 1427 1427 1428 1427 1427 1347 1347 1347 1347 1428 1428 1428 1428 1427 1505 1505 1425 1426 1506 1506 1425 1425 1504 1505 1505 1506 1506 1505 1505 1505 1506
1514 1514 1514 1592 1592 1590 1668 1668 1591 1590 1589 1589 1590 1590 1590 1590 1590 1510 1510 1510 1510 1510 1509 1508 1508 1508 1428 1428 1428 1508 1587 1587 1508 1508 1508 1508 1508 1507 1427 1427 1427 1427 1427 1428 1428 1428 1428 1428 1428 1428 1427 1426 1426 1506 1427 1427 1427 1427 1427 1427 1347 1347 1347 1347 1347 1347 1427 1425 1425 1506 1426 1425 1425 1425 1425 1425 1504 1504 1505 1506 1425 1425 1425 1506
1514 1514 1514 1513 1513 1513 1591 1668 1590 1590 1589 1589 1511 1590 1590 1590 1590 1590 1511 1511 1511 1589 1510 1508 1508 1508 1508 1508 1508 1508 1587 1587 1508 1508 1508 1508 1508 1428 1428 1508 1507 1507 1507 1507 1507 1507 1507 1507 1427 1426 1506 1506 1506 1507 1507 1428 1428 1427 1427 1427 1428 1428 1428 1347 1347 1347 1427 1426 1426 1505 1506 1505 1505 1505 1426 1426 1505 1504 1504 1505 1505 1505 1506 1506
1593 1514 1513 1513 1513 1592 1591 1590 1590 1590 1589 1589 1590 1591 1591 1590 1591 1511 1590 1590 1590 1590 1589 1588 1508 1508 1508 1428 1428 1509 1509 1508 1508 1508 1508 1508 1508 1428 1429 1428 1428 1507 1507 1507 1427 1507 1507 1426 1426 1506 1506 1507 1507 1508 1508 1428 1428 1427 1427 1427 1427 1428 1428 1347 1347 1347 1427 1507 1507 1506 1506 1506 1505 1505 1505 1505 1505 1504 1504 1504 1505 1505 1506 1506
1593 1514 1514 1592 1592 1591 1591 1512 1512 1511 1511 1512 1591 1591 1591 1591 1512 1511 1590 1590 1590 1511 1510 1510 1509 1429 1429 1428 1429 1429 1509 1508 1508 1508 1508 1508 1508 1429 1429 1428 1428 1508 1507 1507 1427 1507 1507 1507 1507 1508 1508 1508 1508 1508 1508 1428 1427 1427 1427 1427 1426 1427 1428 1347 1347 1428 1427 1507 1507 1507 1507 1427 1427 1426 1425 1505 1505 1504 1504 1504 1584 1585 1585 1507
1593 1593 1592 1592 1592 1592 1591 1512 1512 1512 1512 1513 1513 1513 1592 1591 1512 1511 1590 1588 1588 1509 1510 1510 1430 1430 1429 1429 1429 1509 1509 1587 1508 1508 1508 1509 1509 1429 1429 1429 1428 1428 1428 1428 1508 1507 1507 1507 1508 1508 1508 1508 1508 1428 1428 1427 1427 1427 1426 1506 1426 1427 1347 1347 1347 1427 1427 1427 1427 1427 1427 1427 1427 1426 1425 1505 1425 1425 1505 1505 1585 1586 1586 1507
1593 1593 1513 1592 1592 1591 1591 1591 1512 1513 1513 1513 1513 1512 1512 1590 1590 1590 1590 1589 1589 1510 1510 1431 1431 1349 1429 1429 1509 1508 1587 1587 1508 1508 1509 1429 1429 1429 1429 1348 1348 1428 1428 1428 1428 1508 1508 1508 1508 1508 1508 1508 1508 1428 1427 1427 1427 1427 1506 1506 1426 1427 1428 1347 1347 1347 1347 1428 1428 1427 1427 1427 1427 1426 1426 1426 1426 1426 1506 1506 1586 1586 1586 1586
1593 1592 1513 1513 1513 1591 1591 1512 1513 1513 1513 1513 1513 1591 1591 1590 1590 1590 1590 1590 1590 1511 1511 1432 1432 1431 1429 1509 1508 1508 1587 1587 1508 1509 1429 1429 1429 1429 1348 1348 1348 1428 1428 1428 1428 1428 1429 1429 1430 1429 1508 1508 1508 1427 1427 1427 1426 1427 1507 1507 1427 1427 1427 1347 1347 1347 1347 1428 1428 1346 1427 1427 1426 1426 1426 1426 1426 1506 1506 1584 1585 1586 1586 1586
1593 1592 1513 1513 1513 1592 1591 1591 1592 1592 1513 1514 1592 1591 1590 1589 1668 1667 1666 1589 1589 1589 1511 1512 1512 1510 1509 1508 1508 1508 1509 1509 1508 1429 1429 1429 1429 1429 1348 1349 1349 1349 1349 1429 1429 1429 1429 1430 1430 1429 1508 1508 1508 1427 1427 1427 1427 1427 1507 1507 1507 1427 1426 1427 1427 1427 1427 1427 1427 1427 1426 1426 1426 1426 1506 1506 1506 1506 1505 1584 1585 1586 1507 1587
1593 1592 1513 1514 1514 1592 1591 1669 1592 1592 1513 1513 1591 1590 1590 1667 1667 1666 1666 1667 1667 1667 1589 1511 1511 1510 1509 1508 1508 1508 1508 1508 1509 1429 1429 1429 1429 1430 1429 1348 1349 1349 1349 1349 1349 1430 1430 1430 1430 1429 1508 1507 1507 1427 1427 1507 1428 1508 1508 1508 1508 1508 1427 1427 1428 1427 1427 1426 1426 1506 1506 1506 1506 1505 1505 1505 1505 1506 1505 1584 1584 1585 1507 1507
1593 1592 1513 1514 1514 1592 1591 1669 1592 1592 1513 1513 1591 1590 1590 1667 1667 1666 1666 1667 1667 1667 1589 1511 1511 1510 1509 1508 1508 1508 1508 1508 1509 1429 1429 1429 1429 1430 1429 1348 1349 1349 1349 1349 1349 1430 1430 1430 1430 1429 1508 1507 1507 1427 1427 1507 1428 1508 1508 1508 1508 1508 1427 1427 1428 1427 1427 1426 1426 1506 1506 1506 1506 1505 1505 1505 1505 1506 1505 1584 1584 1585 1507 1507
1670 1592 1513 1513 1513 1592 1592 1670 1592 1592 1591 1591 1590 1589 1589 1667 1666 1742 1743 1667 1667 1667 1667 1590 1510 1430 1509 1508 1508 1508 1508 1508 1508 1429 1429 1349 1349 1349 1348 1429 1429 1429 1429 1349 1349 1349 1430 1430 1430 1509 1508 1508 1508 1507 1507 1508 1428 1428 1507 1507 1507 1507 1427 1427 1508 1507 1507 1506 1506 1506 1506 1506 1505 1505 1505 1505 1505 1505 1505 1505 1505 1506 1507 1507
1670 1592 1591 1591 1591 1592 1592 1593 1592 1591 1590 1589 1667 1666 1588 1666 1742 1742 1742 1666 1666 1667 1590 1590 1511 1430 1509 1508 1508 1508 1508 1587 1508 1508 1429 1430 1430 1430 1429 1429 1429 1429 1429 1429 1430 1430 1430 1430 1430 1509 1508 1508 1508 1507 1508 1508 1508 1507 1506 1425 1505 1505 1506 1507 1507 1585 1506 1506 1506 1506 1506 1506 1506 1506 1506 1505 1505 1505 1504 1505 1505 1426 1506 1507
1670 1669 1669 1591 1591 1592 1513 1592 1592 1590 1589 1589 1667 1589 1667 1666 1742 1742 1665 1666 1666 1590 1590 1512 1511 1510 1508 1508 1508 1508 1587 1586 1508 1428 1429 1430 1430 1429 1429 1429 1429 1429 1429 1429 1429 1429 1429 1429 1429 1508 1508 1508 1508 1508 1507 1507 1507 1507 1506 1505 1506 1506 1506 1506 1585 1585 1506 1506 1506 1506 1506 1507 1507 1506 1506 1505 1424 1425 1425 1426 1426 1426 1426 1506
1670 1669 1668 1591 1591 1591 1591 1591 1591 1668 1590 1589 1589 1589 1667 1666 1666 1666 1666 1667 1667 1590 1512 1512 1511 1510 1509 1508 1509 1508 1507 1507 1508 1429 1429 1430 1430 1430 1430 1429 1429 1429 1429 1429 1429 1429 1508 1508 1508 1508 1587 1586 1586 1507 1427 1427 1426 1426 1506 1506 1507 1507 1507 1506 1585 1585 1505 1506 1506 1506 1507 1507 1507 1506 1505 1504 1424 1424 1424 1425 1426 1506 1507 1507
1670 1669 1668 1668 1668 1668 1668 1667 1668 1668 1590 1591 1590 1590 1590 1667 1666 1666 1666 1667 1667 1590 1591 1591 1590 1589 1509 1509 1508 1587 1586 1507 1508 1508 1508 1429 1429 1429 1429 1429 1429 1429 1429 1428 1428 1428 1427 1427 1508 1587 1587 1586 1586 1507 1427 1426 1506 1506 1506 1507 1507 1507 1507 1506 1585 1506 1506 1506 1506 1507 1507 1586 1507 1426 1425 1504 1504 1504 1424 1425 1506 1427 1427 1507
