1. mHM/Maipo Basin 5710001/morph/soil_class_horizon_02.asc
ncols        384
nrows        768
xllcorner    -70.500000000000
yllcorner    -34.500000000000
cellsize     0.001953125000
NODATA_value -9999
[rows 76 to 113 of 768, columns 84 to 167 of 384]
1349 1350 1351 1350 1350 1431 1431 1431 1430 1350 1350 1269 1269 1350 1350 1350 1350 1350 1350 1350 1350 1350 1270 1270 1270 1270 1270 1352 1351 1350 1350 1350 1349 1429 1428 1347 1347 1349 1351 1351 1350 1349 1348 1348 1348 1347 1347 1346 1347 1347 1347 1347 1347 1264 1264 1264 1264 1264 1180 1180 1265 1265 1265 1181 1181 1181 1181 1098 1098 1098 1098 1098 1181 1182 1182 1099 1099 1100 1182 1099 1099 1181 1180 1181
1350 1350 1350 1350 1350 1431 1430 1430 1350 1350 1269 1269 1269 1268 1350 1350 1350 1350 1351 1351 1351 1269 1270 1270 1270 1270 1270 1351 1351 1351 1351 1350 1350 1349 1348 1347 1347 1348 1350 1351 1351 1350 1348 1347 1347 1347 1347 1346 1427 1427 1426 1345 1345 1345 1264 1264 1264 1264 1264 1263 1263 1264 1264 1264 1264 1264 1264 1264 1264 1265 1180 1098 1099 1182 1182 1182 1182 1182 1182 1182 1182 1265 1265 1265
1350 1350 1350 1350 1350 1350 1350 1351 1351 1269 1269 1269 1269 1269 1350 1350 1350 1351 1351 1351 1351 1270 1270 1270 1270 1270 1352 1351 1351 1351 1269 1350 1350 1349 1348 1347 1347 1347 1267 1268 1349 1267 1266 1265 1264 1347 1347 1347 1346 1345 1345 1345 1345 1263 1346 1264 1264 1264 1264 1263 1263 1264 1264 1263 1264 1264 1264 1264 1264 1265 1181 1181 1181 1181 1182 1181 1182 1182 1182 1266 1266 1265 1265 1265
1350 1351 1350 1350 1350 1431 1351 1351 1269 1270 1270 1270 1270 1352 1351 1351 1351 1351 1351 1270 1270 1270 1270 1269 1269 1351 1350 1430 1431 1351 1268 1350 1350 1349 1348 1346 1346 1347 1267 1266 1347 1347 1265 1265 1265 1265 1265 1265 1346 1345 1425 1345 1345 1264 1346 1264 1264 1264 1264 1264 1181 1181 1264 1263 1179 1264 1264 1265 1265 1265 1181 1181 1181 1265 1181 1181 1182 1182 1182 1182 1266 1266 1265 1347
1351 1351 1351 1351 1351 1432 1351 1270 1271 1271 1353 1270 1352 1352 1352 1352 1351 1351 1270 1270 1270 1269 1268 1350 1268 1349 1429 1429 1348 1349 1349 1348 1348 1348 1347 1346 1346 1347 1265 1265 1347 1347 1265 1265 1265 1266 1265 1265 1346 1345 1426 1345 1345 1264 1346 1264 1265 1264 1264 1265 1181 1181 1265 1264 1180 1180 1265 1265 1265 1265 1181 1181 1181 1265 1265 1265 1265 1265 1265 1265 1265 1265 1265 1265
1351 1351 1351 1353 1353 1353 1271 1272 1272 1272 1354 1354 1353 1353 1352 1352 1352 1269 1269 1269 1269 1269 1350 1350 1348 1347 1347 1347 1347 1348 1348 1347 1346 1346 1346 1346 1346 1346 1264 1265 1265 1265 1265 1265 1265 1265 1265 1347 1347 1346 1346 1426 1426 1346 1347 1265 1265 1264 1264 1265 1181 1181 1265 1265 1265 1265 1265 1265 1265 1265 1182 1182 1181 1265 1347 1265 1265 1265 1265 1348 1266 1265 1265 1180
1351 1351 1351 1353 1353 1353 1271 1272 1272 1272 1354 1354 1353 1353 1352 1352 1352 1269 1269 1269 1269 1269 1350 1350 1348 1347 1347 1347 1347 1348 1348 1347 1346 1346 1346 1346 1346 1346 1264 1265 1265 1265 1265 1265 1265 1265 1265 1347 1347 1346 1346 1426 1426 1346 1347 1265 1265 1264 1264 1265 1181 1181 1265 1265 1265 1265 1265 1265 1265 1265 1182 1182 1181 1265 1347 1265 1265 1265 1265 1348 1266 1265 1265 1180
1351 1351 1352 1354 1354 1273 1273 1273 1273 1273 1355 1355 1354 1353 1270 1269 1269 1269 1269 1269 1269 1268 1349 1348 1347 1347 1346 1347 1265 1265 1346 1346 1345 1345 1346 1346 1346 1264 1264 1264 1264 1264 1265 1265 1265 1265 1347 1427 1427 1427 1427 1426 1426 1426 1346 1265 1265 1265 1265 1265 1265 1181 1265 1265 1265 1265 1265 1266 1266 1266 1266 1266 1347 1347 1347 1347 1347 1265 1265 1265 1265 1265 1180 1180
1351 1352 1434 1354 1354 1354 1354 1354 1435 1354 1354 1355 1354 1271 1270 1269 1269 1269 1269 1268 1268 1349 1347 1347 1347 1346 1346 1346 1346 1346 1264 1346 1346 1346 1346 1346 1346 1345 1345 1345 1264 1264 1265 1265 1347 1347 1346 1427 1427 1427 1426 1426 1426 1426 1346 1265 1265 1265 1265 1265 1265 1265 1265 1265 1265 1265 1265 1347 1347 1348 1348 1266 1265 1347 1347 1347 1264 1264 1264 1264 1264 1264 1180 1264
1432 1433 1434 1354 1354 1354 1355 1354 1354 1434 1354 1354 1272 1271 1270 1185 1269 1269 1268 1267 1267 1348 1347 1346 1427 1426 1426 1346 1345 1346 1264 1346 1346 1264 1346 1345 1345 1344 1345 1345 1345 1263 1264 1346 1346 1346 1346 1426 1426 1425 1425 1426 1426 1346 1264 1264 1264 1263 1264 1264 1264 1265 1265 1265 1265 1264 1426 1427 1427 1347 1347 1265 1265 1347 1347 1264 1264 1264 1264 1180 1180 1179 1180 1264
1352 1353 1354 1273 1273 1273 1190 1189 1272 1354 1353 1353 1353 1353 1352 1269 1269 1268 1267 1348 1348 1429 1428 1427 1426 1426 1425 1426 1345 1345 1264 1264 1264 1263 1263 1344 1344 1344 1345 1345 1345 1345 1263 1345 1346 1346 1345 1425 1505 1425 1425 1426 1426 1345 1345 1345 1345 1345 1345 1345 1345 1345 1346 1346 1345 1345 1426 1426 1426 1427 1346 1264 1347 1346 1264 1263 1180 1180 1264 1264 1263 1263 1263 1264
1271 1272 1274 1190 1190 1190 1191 1189 1272 1353 1353 1352 1351 1351 1351 1350 1268 1267 1348 1348 1348 1428 1428 1345 1345 1425 1425 1425 1345 1345 1263 1345 1345 1345 1344 1344 1344 1263 1262 1344 1344 1344 1344 1344 1345 1345 1426 1425 1425 1425 1425 1345 1345 1345 1345 1346 1346 1345 1345 1345 1345 1345 1345 1345 1344 1344 1345 1345 1345 1345 1426 1345 1346 1346 1263 1263 1263 1263 1263 1263 1263 1263 1263 1263
1272 1273 1274 1274 1274 1274 1274 1273 1353 1353 1434 1351 1431 1350 1350 1430 1349 1267 1348 1347 1347 1428 1346 1345 1345 1425 1425 1344 1344 1345 1345 1263 1263 1345 1344 1344 1344 1344 1343 1343 1343 1343 1343 1343 1343 1425 1425 1425 1424 1425 1345 1345 1345 1345 1346 1346 1346 1345 1345 1345 1345 1345 1345 1262 1343 1344 1344 1345 1345 1345 1425 1425 1345 1345 1345 1263 1263 1263 1263 1262 1262 1262 1262 1263
1355 1274 1275 1275 1275 1356 1354 1434 1351 1432 1432 1431 1349 1430 1430 1430 1430 1349 1348 1347 1347 1346 1345 1345 1344 1344 1344 1344 1344 1345 1345 1345 1344 1344 1343 1343 1343 1343 1343 1342 1342 1341 1341 1342 1342 1423 1424 1424 1424 1343 1343 1344 1344 1345 1345 1345 1344 1344 1262 1262 1263 1263 1263 1263 1263 1344 1344 1344 1344 1425 1425 1425 1345 1345 1345 1345 1345 1345 1263 1262 1263 1263 1263 1264
1355 1356 1275 1356 1356 1355 1434 1432 1431 1430 1430 1430 1430 1429 1429 1430 1430 1349 1348 1346 1346 1345 1345 1345 1344 1344 1344 1425 1425 1344 1344 1343 1344 1344 1343 1343 1343 1343 1342 1342 1341 1341 1341 1342 1342 1423 1423 1423 1342 1342 1342 1343 1343 1343 1343 1343 1343 1343 1343 1262 1262 1263 1263 1263 1263 1263 1262 1344 1344 1344 1344 1345 1345 1344 1345 1345 1346 1345 1263 1263 1345 1263 1264 1264
1356 1357 1356 1356 1356 1355 1435 1433 1432 1431 1431 1350 1349 1429 1429 1429 1429 1429 1428 1427 1427 1427 1346 1346 1345 1345 1426 1425 1425 1344 1343 1343 1425 1425 1425 1424 1424 1423 1424 1423 1342 1342 1341 1341 1341 1423 1342 1342 1342 1342 1342 1342 1342 1343 1343 1343 1343 1343 1343 1261 1343 1262 1262 1262 1263 1263 1263 1263 1263 1344 1344 1344 1344 1344 1344 1345 1346 1345 1345 1344 1344 1263 1264 1180
1357 1275 1274 1274 1274 1274 1272 1269 1268 1350 1431 1430 1430 1429 1429 1429 1429 1428 1428 1428 1428 1428 1428 1347 1346 1427 1427 1426 1425 1425 1425 1426 1426 1425 1425 1425 1425 1424 1424 1424 1342 1342 1343 1343 1343 1343 1343 1343 1342 1342 1342 1260 1260 1261 1261 1261 1343 1343 1262 1262 1261 1261 1262 1262 1262 1263 1263 1263 1263 1262 1262 1262 1262 1262 1262 1263 1345 1345 1426 1345 1344 1345 1264 1265
1275 1275 1274 1274 1274 1273 1271 1269 1268 1268 1350 1430 1430 1429 1429 1349 1430 1429 1428 1428 1428 1429 1348 1347 1427 1427 1427 1427 1426 1426 1426 1426 1426 1425 1425 1345 1345 1345 1344 1344 1343 1343 1343 1343 1343 1504 1504 1424 1342 1342 1260 1260 1260 1261 1261 1261 1261 1261 1262 1262 1261 1261 1261 1262 1262 1262 1262 1263 1263 1263 1262 1262 1262 1262 1262 1263 1345 1345 1426 1427 1427 1427 1346 1346
1275 1274 1274 1355 1355 1354 1271 1270 1269 1268 1350 1430 1430 1429 1348 1348 1348 1429 1428 1428 1428 1348 1348 1266 1266 1347 1428 1428 1428 1428 1427 1426 1426 1344 1262 1262 1262 1263 1263 1344 1344 1344 1344 1344 1424 1503 1582 1582 1503 1503 1423 1423 1423 1423 1261 1261 1261 1261 1261 1343 1342 1342 1261 1261 1261 1261 1261 1343 1343 1344 1262 1262 1344 1343 1261 1343 1425 1426 1426 1507 1427 1427 1346 1346
1275 1274 1356 1355 1355 1354 1271 1270 1269 1268 1349 1430 1429 1348 1348 1348 1348 1348 1428 1428 1428 1347 1347 1266 1266 1347 1347 1347 1347 1428 1428 1427 1426 1344 1262 1262 1262 1262 1262 1262 1262 1344 1344 1344 1424 1504 1582 1582 1503 1423 1423 1424 1424 1424 2442 1342 1342 1261 1177 1177 1342 1342 1261 1261 1261 1261 1343 1424 1424 1425 1344 1344 1343 1343 1343 1344 1425 1426 1506 1506 1427 1346 1346 1346
1275 1274 1273 1354 1354 1271 1270 1269 1269 1350 1350 1430 1430 1348 1347 1348 1429 1348 1347 1347 1347 1347 1347 1266 1266 1267 1348 1347 1347 1428 1428 1427 1426 1344 1262 1262 1262 1262 1262 1261 1262 1262 1344 1261 1261 1343 1424 1503 1503 1423 1423 1423 1423 1341 1260 1260 1260 1261 1177 1177 2442 2442 1261 1261 1343 1343 1423 1424 1424 1425 1425 1344 1344 1344 1344 1425 1425 1426 1426 1426 1346 1346 1346 1346
1276 1275 1274 1354 1354 1271 1270 1269 1269 1350 1350 1431 1350 1349 1348 1429 1429 1428 1347 1347 1347 1347 1347 1348 1348 1347 1348 1347 1347 1347 1347 1428 1427 1345 1344 1262 1262 1262 1261 1261 1262 1262 1262 1262 1262 1344 1343 1343 1343 1343 1343 1342 1342 1260 1260 1342 1261 1177 1177 1177 2442 2442 1261 1343 1343 1343 1423 1424 1424 1424 1424 1424 1424 1424 1424 1424 1424 1425 1426 1346 1346 1346 1345 1346
1276 1275 1274 1354 1354 1271 1270 1269 1269 1350 1350 1431 1350 1349 1348 1429 1429 1428 1347 1347 1347 1347 1347 1348 1348 1347 1348 1347 1347 1347 1347 1428 1427 1345 1344 1262 1262 1262 1261 1261 1262 1262 1262 1262 1262 1344 1343 1343 1343 1343 1343 1342 1342 1260 1260 1342 1261 1177 1177 1177 2442 2442 1261 1343 1343 1343 1423 1424 1424 1424 1424 1424 1424 1424 1424 1424 1424 1425 1426 1346 1346 1346 1345 1346
1276 1275 1356 1355 1355 1273 1271 1270 1269 1351 1431 1431 1350 1350 1349 1349 1429 1428 1428 1347 1347 1347 1347 1347 1428 1428 1428 1347 1347 1347 1347 1429 1428 1427 1425 1344 1344 1344 1344 1262 1262 1262 1262 1262 1261 1343 1343 1262 1262 1343 1343 1261 1261 1261 1261 1261 1261 1261 1261 1177 1262 1262 1177 1261 1342 1342 1342 1424 1424 1424 1424 1423 1423 1423 1423 1424 1424 1425 1345 1264 1264 1264 1264 1264
1357 1357 1356 1355 1355 1272 1271 1270 1269 1269 1350 1350 1350 1349 1349 1430 1429 1428 1428 1428 1428 1347 1348 1428 1428 1428 1428 1347 1347 1347 1348 1429 1428 1427 1427 1426 1426 1345 1345 1263 1262 1262 1344 1343 1343 1343 1343 1344 1344 1344 1344 1261 1261 1261 1261 1261 1261 1261 1261 1178 1262 1262 1177 1260 1260 1342 1342 1343 1343 1424 1423 1423 1422 1422 1423 1424 1343 1344 1263 1264 1264 1264 1265 1265
1358 1357 1356 1354 1354 1354 1271 1270 1269 1351 1350 1350 1350 1349 1430 1429 1429 1429 1428 1347 1347 1348 1348 1347 1428 1428 1427 1427 1427 1347 1347 1348 1347 1347 1347 1347 1347 1427 1345 1263 1264 1264 1345 1345 1425 1425 1424 1344 1425 1424 1343 1259 1259 1260 1260 1260 1260 1260 2442 1178 1178 1178 1178 1177 1261 1343 1343 1344 1344 1424 1424 1423 1422 1422 1342 1342 1343 1344 1263 1263 1264 1181 1181 1181
1358 1275 1274 1354 1354 1353 1270 1269 1351 1350 1350 1430 1349 1349 1348 1429 1429 1429 1429 1348 1348 1347 1347 1428 1428 1427 1427 1427 1427 1427 1346 1347 1347 1347 1347 1347 1347 1427 1426 1426 1427 1346 1264 1345 1425 1425 1425 1424 1424 1424 1423 1342 1342 1260 1260 1260 1260 1260 2442 1178 1344 1344 1262 1262 1262 1344 1344 1344 1344 1425 1424 1341 1341 1341 1342 1342 1343 1262 1263 1264 1264 1181 1182 1181
1358 1275 1274 1354 1354 1353 1352 1351 1351 1350 1349 1430 1349 1348 1348 1348 1429 1429 1509 1428 1428 1428 1428 1428 1428 1427 1427 1427 1427 1427 1427 1428 1428 1427 1427 1507 1507 1427 1426 1426 1427 1427 1345 1345 1426 1426 1345 1425 1424 1424 1423 1342 1342 1342 1342 1342 1260 1260 2442 2442 1180 1263 1344 1262 1262 1262 1343 1342 1342 1425 1343 1260 1342 1342 1342 1343 1261 1262 1263 1264 1265 1181 1182 1182
1275 1275 1355 1355 1355 1354 1353 1352 1351 1350 1349 1430 1348 1348 1348 1429 1429 1430 1429 1428 1428 1428 1428 1427 1427 1427 1346 1346 1427 1427 1427 1427 1427 1427 1427 1506 1506 1427 1427 1426 1507 1507 1426 1426 1425 1426 1345 1345 1425 1425 1424 1423 1423 1423 1342 1342 1342 1342 2442 2442 1179 1263 1344 1344 1262 1262 1262 1261 1261 1261 1261 1261 1343 1343 1342 1343 1343 1262 1263 1264 1181 1181 1181 1182
1275 1274 1355 1355 1355 1355 1354 1352 1269 1350 1349 1349 1349 1267 1267 1267 1349 1349 1348 1348 1348 1347 1347 1346 1346 1346 1346 1346 1427 1427 1427 1427 1427 1428 1347 1428 1428 1428 1428 1428 1428 1427 1427 1426 1426 1344 1345 1345 1426 1425 1424 1424 1424 1424 1423 1423 1422 1422 2442 2442 1179 1263 1264 1263 1263 1262 1262 1261 1261 1261 1261 1261 1261 1260 1343 1343 1344 1263 1263 1264 1181 1181 1181 1182
1276 1275 1274 1273 1273 1273 1354 1352 1351 1269 1351 1350 1349 1268 1268 1268 1349 1349 1429 1348 1348 1347 1347 1347 1347 1347 1346 1346 1346 1427 1427 1427 1427 1428 1348 1348 1348 1348 1429 1429 1428 1347 1346 1345 1344 1425 1425 1426 1426 1425 1425 1424 1424 1424 1424 1424 1424 1424 1180 1180 1179 1179 1263 1264 1263 1262 1262 1261 1261 1177 1176 1176 1260 1260 1343 1424 1344 1345 1263 1264 1181 1181 1182 1182
1276 1275 1274 1273 1273 1273 1354 1353 1352 1270 1351 1350 1350 1268 1268 1350 1349 1429 1428 1347 1347 1347 1347 1347 1347 1347 1346 1427 1427 1346 1427 1427 1427 1347 1348 1348 1348 1348 1348 1348 1347 1347 1346 1345 1425 1425 1425 1345 1346 1346 1426 1426 1426 1425 1423 1424 1424 1424 1345 1264 1180 1179 1178 1179 1179 1262 1262 1177 1177 1176 1176 1176 1260 1260 1343 1344 1263 1264 1264 1180 1181 1181 1181 1265
1358 1357 1356 1356 1356 1355 1354 1354 1353 1270 1269 1350 1350 1349 1349 1349 1430 1429 1428 1347 1347 1347 1347 1347 1347 1347 1427 1427 1427 1427 1346 1347 1347 1347 1266 1348 1348 1348 1348 1348 1347 1346 1345 1425 1425 1425 1345 1345 1346 1427 1426 1425 1425 1425 1424 1504 1425 1426 1345 1346 1264 1178 1178 1178 1179 1262 1094 1094 1094 1094 1176 1261 1260 1342 1260 1262 1263 1264 1180 1180 1263 1180 1265 1265
1357 1437 1355 1355 1355 1436 1435 1354 1353 1352 1351 1350 1430 1430 1349 1429 1429 1429 1348 1347 1347 1347 1347 1347 1347 1347 1346 1346 1427 1427 1347 1347 1347 1266 1266 1266 1266 1266 1348 1348 1347 1347 1346 1425 1425 1426 1426 1426 1426 1427 1427 1346 1346 1345 1344 1424 1425 1425 1425 1344 1344 1262 1178 1178 2442 2442 1094 1094 1094 1094 1422 1422 1342 1342 1342 1260 1261 1178 1178 1262 1263 1180 1265 1265
1276 1357 1355 1355 1355 1435 1434 1353 1353 1270 1351 1431 1430 1429 1429 1429 1429 1347 1347 1347 1347 1347 1428 1428 1428 1428 1347 1347 1347 1347 1265 1266 1266 1266 1267 1267 1267 1267 1267 1348 1347 1347 1427 1426 1506 1426 1427 1427 1347 1427 1426 1425 1425 1344 1344 1424 1424 1344 1425 1425 1343 1262 1178 1178 1261 2442 2442 2442 2442 2442 1422 1422 1342 1342 1260 1260 1260 1261 1261 1262 1263 1179 1180 1181
1276 1357 1355 1355 1355 1435 1434 1353 1270 1269 1268 1349 1429 1429 1428 1428 1347 1347 1348 1347 1347 1347 1347 1347 1428 1428 1427 1428 1347 1347 1347 1348 1266 1267 1267 1267 1267 1267 1267 1348 1347 1428 1428 1427 1427 1507 1427 1347 1347 1427 1506 1425 1425 1344 1343 1424 1423 1424 1424 1424 1343 1262 1178 1261 1261 2442 2442 2442 2442 2442 2442 1422 1342 1176 1176 1176 1260 1260 1260 1261 1178 1179 1180 1180
1275 1357 1355 1355 1355 1354 1435 1353 1352 1269 1268 1349 1430 1430 1429 1429 1348 1348 1348 1347 1347 1347 1347 1347 1428 1428 1428 1427 1428 1347 1347 1348 1267 1267 1267 1267 1267 1267 1267 1267 1348 1347 1347 1428 1428 1428 1347 1347 1347 1347 1427 1426 1426 1425 1425 1424 1423 1424 1424 1343 1343 1262 1262 1262 1261 1262 1262 1262 1262 2442 2442 2442 2442 1259 1175 1175 1175 1259 1260 1260 1261 1178 1179 1179
1357 1356 1355 1355 1355 1355 1354 1354 1353 1269 1350 1350 1350 1350 1431 1430 1348 1348 1348 1348 1348 1347 1347 1428 1428 1428 1347 1347 1428 1428 1347 1348 1266 1267 1268 1268 1268 1267 1267 1267 1348 1347 1347 1428 1428 1347 1347 1428 1346 1346 1346 1345 1345 1344 1425 1424 1424 1423 1343 1261 1262 1262 1262 1262 1261 1262 1262 1262 1262 1262 2442 1260 1260 1259 1259 1259 1259 1259 1259 1260 1342 1261 1262 1179
