1. mHM/Maipo Basin 5710001/morph/soil_class_horizon_03.asc
ncols        384
nrows        768
xllcorner    -70.500000000000
yllcorner    -34.500000000000
cellsize     0.001953125000
NODATA_value -9999
[rows 0 to 37 of 768, columns 252 to 335 of 384]
1180 1180 1097 1098 1098 1098 1098 1098 1098 1097 1097 1097 1097 1096 1179 1096 1096 1096 1179 1179 2442 2442 2442 2442 2442 1178 1178 1179 1179 1178 1178 1178 2442 1095 1095 1095 1178 1343 1261 1262 1264 1265 1265 1346 1346 1264 1345 1345 1263 1346 1265 1265 1265 1264 1265 1265 1265 1266 1267 1348 1348 1347 1348 1349 1349 1349 1267 1267 1268 1268 1267 1267 1266 1267 1268 1349 1349 1348 1267 1183 1183 1184 1185 1185
1180 1180 1097 1098 1098 1014 1099 1098 1098 1098 1097 1097 1097 1096 1096 1095 1095 1179 1179 1179 2442 2442 1262 1262 1262 1178 1178 1178 1178 1262 1178 1178 2442 1095 1095 1178 1261 1343 1342 1261 1263 1265 1346 1346 1346 1345 1345 1345 1344 1263 1265 1265 1266 1265 1264 1265 1265 1266 1266 1266 1266 1348 1349 1349 1267 1267 1267 1268 1268 1268 1267 1267 1267 1267 1268 1267 1267 1267 1183 1183 1183 1184 1185 1185
1180 1180 1097 1098 1098 1014 1099 1098 1098 1098 1097 1097 1097 1096 1096 1095 1095 1179 1179 1179 2442 2442 1262 1262 1262 1178 1178 1178 1178 1262 1178 1178 2442 1095 1095 1178 1261 1343 1342 1261 1263 1265 1346 1346 1346 1345 1345 1345 1344 1263 1265 1265 1266 1265 1264 1265 1265 1266 1266 1266 1266 1348 1349 1349 1267 1267 1267 1268 1268 1268 1267 1267 1267 1267 1268 1267 1267 1267 1183 1183 1183 1184 1185 1185
1264 1181 1099 1099 1100 1100 1099 1098 1098 1098 1097 1097 1097 1097 1096 1095 1095 1096 1179 2442 2442 2442 1262 1262 1262 1262 1261 1261 1261 1261 1261 1178 2442 1178 1178 1178 1261 1342 1342 1261 1263 1264 1265 1347 1347 1264 1264 1345 1345 1263 1265 1266 1266 1266 1265 1265 1265 1265 1265 1265 1265 1348 1348 1348 1348 1349 1267 1267 1349 1267 1267 1267 1268 1268 1267 1266 1266 1267 1267 1184 1184 1183 1184 1184
1180 1181 1099 1100 1100 1100 1099 1182 1182 1098 1098 1097 1097 1097 1179 1179 1096 1096 2442 2442 2442 2442 1262 1262 1262 1262 1343 1343 1343 1344 1261 2442 2442 1178 1178 1178 1261 1261 1261 1261 1262 1263 1264 1346 1346 1346 1264 1264 1264 1264 1265 1266 1266 1266 1266 1267 1266 1265 1265 1265 1265 1265 1348 1348 1347 1347 1348 1348 1348 1348 1265 1266 1267 1268 1268 1267 1267 1267 1184 1184 1101 1184 1184 1184
1181 1182 1182 1182 1265 1182 1182 1182 1182 1098 1098 1097 1097 1097 1180 1180 1179 1179 2442 2442 2442 2442 1263 1263 1263 1344 1344 1344 1344 1344 2442 2442 2442 1261 1261 1261 1262 1261 1261 1262 1262 1263 1263 1346 1346 1346 1265 1265 1265 1265 1265 1182 1182 1182 1183 1183 1267 1265 1265 1265 1265 1264 1346 1346 1346 1346 1347 1347 1347 1347 1347 1265 1266 1267 1267 1267 1267 1182 1183 1101 1101 1101 1184 1183
1181 1182 1266 1265 1265 1266 1266 1266 1265 1264 1180 1097 1097 1180 1181 1180 1179 1179 1179 2442 2442 1179 1263 1263 1263 1263 1263 1344 1344 1262 1262 1179 1179 1178 1178 1262 1262 1262 1261 1261 1263 1263 1263 1265 1265 1265 1346 1264 1264 1264 1181 1182 1182 1266 1183 1267 1266 1265 1265 1346 1346 1346 1346 1346 1346 1346 1346 1346 1346 1347 1347 1265 1266 1266 1266 1266 1266 1266 1183 1101 1184 1184 1183 1266
1099 1182 1266 1265 1265 1265 1265 1265 1181 1180 1180 1097 1097 1098 1098 1180 1179 1179 1179 1179 2442 1179 1263 1262 1262 1262 1262 2442 2442 1262 1262 1262 1263 1179 1180 1179 1179 1179 1262 1262 2442 2442 1264 1265 1265 1265 1265 1265 1265 1181 1181 1181 1182 1182 1266 1266 1347 1347 1347 1347 1347 1347 1347 1347 1347 1346 1346 1346 1346 1265 1265 1347 1347 1266 1266 1266 1266 1267 1183 1101 1184 1184 1267 1266
1099 1182 1265 1265 1265 1265 1265 1181 1181 1180 1097 1098 1098 1098 1097 1097 1179 1179 1179 1179 1177 1177 1177 1261 1261 1262 1262 1263 1263 1263 1262 1262 1263 1264 1264 1180 1180 1097 1097 1097 2442 2442 1264 1264 1264 1265 1265 1265 1265 1181 1181 1181 1181 1182 1266 1347 1347 1347 1347 1348 1348 1429 1347 1347 1346 1346 1346 1264 1265 1265 1265 1347 1348 1266 1266 1267 1267 1268 1183 1183 1183 1267 1266 1266
1182 1182 1181 1265 1265 1265 1181 1181 1181 1181 1098 1098 1098 1097 1180 1179 1179 1179 1179 1179 1095 1095 1177 1261 1261 1344 1262 1262 1262 1262 1262 1262 1263 1264 1265 1265 1265 1265 1097 1097 2442 2442 1264 1264 1264 1265 1265 1181 1181 1181 1181 1265 1265 1265 1347 1347 1347 1428 1428 1428 1428 1429 1348 1347 1346 1346 1345 1346 1265 1266 1266 1266 1348 1266 1267 1267 1267 1268 1267 1266 1266 1266 1266 1183
1266 1266 1181 1181 1181 1181 1181 1098 1097 1097 1098 1098 1098 1180 1264 1346 1346 1346 1179 1097 1097 1097 1179 1179 1263 1263 1263 1262 1262 1262 1263 1263 1263 1265 1265 1265 1265 1265 1265 1265 2442 2442 1264 1264 1264 1265 1265 1181 1181 1181 1181 1264 1264 1346 1427 1427 1428 1428 1428 1347 1347 1347 1348 1347 1265 1264 1264 1264 1264 1265 1265 1265 1347 1347 1348 1348 1348 1349 1267 1266 1266 1266 1266 1266
1181 1265 1265 1181 1181 1265 1265 1264 1264 1265 1181 1098 1098 1182 1265 1346 1346 1346 2442 1180 1180 1180 1180 1179 1179 1264 1265 1264 1264 1264 1265 1265 1181 1265 1265 1265 1265 1265 1265 1265 2442 1264 1264 1264 1264 1264 1264 1264 1265 1265 1265 1264 1264 1346 1427 1427 1427 1347 1428 1346 1346 1347 1348 1265 1265 1264 1264 1264 1346 1265 1265 1265 1346 1347 1348 1348 1348 1348 1266 1266 1266 1266 1266 1266
1181 1181 1266 1265 1265 1266 1266 1265 1264 1265 1181 1099 1099 1182 1181 1181 1181 1180 1097 1098 1098 1098 1181 1180 1180 1265 1265 1265 1265 1265 1266 1266 1181 1265 1264 1265 1265 1265 1265 1265 2442 1264 1264 1264 1264 1264 1264 1265 1265 1265 1264 1264 1346 1346 1346 1346 1346 1347 1347 1346 1346 1346 1264 1264 1180 1264 1264 1265 1265 1265 1265 1347 1347 1348 1267 1267 1267 1266 1348 1266 1265 1266 1182 1182
1181 1265 1265 1266 1266 1182 1266 1265 1264 1347 1265 1182 1182 1183 1183 1182 1181 1180 1180 1181 1181 1181 1181 1181 1181 1265 1265 1265 1265 1266 1266 1266 1265 1265 1265 1265 1265 1181 1182 1265 1346 1264 1264 1264 1264 1264 1265 1265 1265 1265 1265 1264 1346 1346 1346 1264 1264 1265 1265 1264 1264 1264 1264 1264 1180 1265 1265 1266 1266 1266 1348 1348 1348 1267 1183 1183 1183 1266 1347 1347 1347 1266 1266 1266
1182 1181 1265 1266 1266 1265 1181 1264 1346 1347 1347 1347 1347 1347 1266 1266 1266 1181 1180 1180 1181 1181 1181 1265 1265 1265 1265 1265 1265 1266 1266 1265 1181 1265 1181 1181 1181 1182 1182 1182 1265 1264 1264 1263 1263 1264 1265 1265 1265 1265 1265 1346 1346 1346 1345 1264 1264 1264 1346 1346 1346 1264 1264 1265 1265 1265 1265 1265 1266 1266 1266 1267 1348 1266 1183 1183 1183 1183 1267 1266 1267 1267 1267 1267
1182 1181 1181 1181 1182 1182 1182 1181 1264 1346 1427 1428 1428 1347 1266 1266 1266 1182 1098 1097 1181 1181 1264 1263 1264 1180 1180 1265 1265 1266 1181 1181 1181 1265 1181 1181 1182 1182 1099 1182 1265 1264 1263 1263 1263 1263 1265 1265 1265 1264 1263 1345 1345 1426 1426 1345 1345 1345 1346 1346 1346 1264 1265 1265 1265 1266 1266 1266 1266 1267 1266 1267 1266 1265 1347 1347 1347 1347 1347 1348 1267 1267 1267 1266
1182 1182 1181 1181 1182 1182 1183 1182 1266 1265 1265 1265 1265 1266 1349 1267 1182 1099 1098 1098 1180 1180 1179 1178 1178 1178 1180 1099 1099 1099 1182 1182 1182 1181 1181 1181 1182 1181 1182 1182 1266 1264 1263 1263 1263 1264 1264 1263 1264 1264 1345 1345 1426 1426 1346 1426 1345 1345 1264 1265 1265 1265 1265 1265 1266 1266 1266 1348 1349 1349 1348 1265 1265 1265 1266 1347 1347 1428 1347 1348 1429 1348 1266 1266
1181 1181 1181 1181 1182 1183 1183 1182 1266 1348 1266 1266 1266 1266 1266 1267 1182 1099 1098 1098 1180 1179 1178 1261 1178 1178 2442 1099 1099 1099 1182 1182 1099 1099 1181 1182 1182 1183 1183 1182 1265 1264 1264 1264 1264 1264 1263 1263 1346 1345 1345 1345 1345 1345 1345 1426 1345 1346 1347 1347 1347 1265 1265 1265 1265 1265 1265 1265 1347 1347 1346 1346 1346 1347 1347 1347 1347 1347 1347 1347 1347 1347 1347 1265
1181 1181 1181 1181 1182 1183 1183 1182 1266 1348 1266 1266 1266 1266 1266 1267 1182 1099 1098 1098 1180 1179 1178 1261 1178 1178 2442 1099 1099 1099 1182 1182 1099 1099 1181 1182 1182 1183 1183 1182 1265 1264 1264 1264 1264 1264 1263 1263 1346 1345 1345 1345 1345 1345 1345 1426 1345 1346 1347 1347 1347 1265 1265 1265 1265 1265 1265 1265 1347 1347 1346 1346 1346 1347 1347 1347 1347 1347 1347 1347 1347 1347 1347 1265
1265 1265 1181 1182 1182 1182 1182 1181 1265 1348 1266 1266 1266 1266 1266 1266 1182 1099 1098 1098 1181 1181 1180 1263 1263 1263 2442 1181 1181 1181 1182 1182 1182 1099 2442 2442 1181 1182 1182 1183 1266 1264 1264 1265 1265 1264 1264 1346 1346 1426 1345 1345 1345 1345 1346 1426 1426 1346 1347 1347 1347 1265 1265 1265 1347 1346 1264 1264 1347 1347 1264 1264 1265 1265 1266 1348 1348 1348 1347 1347 1428 1347 1265 1265
1265 1265 1181 1182 1182 1265 1181 1181 1265 1265 1266 1267 1267 1267 1267 1266 1182 1182 1182 1182 1182 1181 1181 1264 1263 1263 1263 1180 1180 1181 1181 1181 1182 1100 1100 1100 1182 1181 1182 1182 1265 1264 1346 1347 1347 1346 1347 1346 1346 1345 1345 1345 1345 1345 1345 1346 1427 1346 1347 1347 1347 1265 1265 1347 1427 1346 1346 1265 1265 1266 1266 1266 1265 1265 1347 1265 1265 1348 1347 1347 1347 1347 1266 1266
1182 1182 1182 1182 1182 1182 1181 1181 1265 1265 1266 1267 1267 1267 1349 1266 1182 1182 1182 1182 1182 1181 1180 1263 1263 1263 1180 1181 1181 1182 1181 1181 1182 1182 1182 1182 1181 1181 1181 1181 1265 1347 1346 1345 1345 1345 1345 1347 1347 1346 1346 1346 1345 1345 1345 1426 1426 1346 1347 1265 1265 1265 1347 1346 1427 1346 1346 1347 1347 1347 1347 1265 1347 1347 1264 1264 1264 1265 1265 1265 1265 1266 1267 1267
1266 1266 1181 1181 1182 1182 1181 1181 1265 1182 1266 1266 1266 1266 1266 1347 1266 1182 1182 1182 1181 1180 1264 1263 1263 1180 1181 1181 1181 1266 1266 1182 1182 1182 1182 1181 1181 1265 1181 1181 1265 1265 1346 1346 1346 1346 1346 1265 1265 1264 1264 1345 1345 1425 1425 1425 1425 1346 1265 1182 1182 1181 1265 1346 1346 1346 1346 1346 1427 1427 1427 1346 1347 1346 1346 1346 1346 1347 1347 1265 1266 1348 1267 1267
1265 1264 1265 1181 1182 1182 1182 1182 1266 1266 1266 1348 1348 1348 1347 1265 1265 1181 1181 1181 1180 1264 1264 1264 1265 1265 1181 1265 1265 1266 1266 1265 1265 1265 1265 1265 1265 1265 1181 1181 1181 1264 1346 1346 1346 1346 1265 1265 1265 1265 1346 1346 1345 1345 1345 1345 1346 1264 1182 1182 1182 1265 1264 1346 1345 1345 1345 1425 1426 1426 1426 1426 1427 1427 1427 1346 1346 1347 1347 1348 1348 1348 1347 1347
1346 1264 1265 1265 1182 1182 1182 1182 1265 1266 1266 1347 1347 1347 1265 1346 1346 1265 1098 1181 1182 1182 1182 1182 1265 1265 1181 1265 1265 1265 1265 1265 1265 1266 1266 1266 1266 1265 1265 1265 1265 1264 1346 1264 1264 1264 1264 1265 1265 1347 1347 1348 1347 1265 1265 1265 1347 1265 1265 1347 1347 1426 1425 1425 1344 1344 1425 1424 1424 1425 1426 1426 1506 1427 1427 1347 1347 1347 1347 1347 1347 1347 1428 1427
1347 1265 1265 1266 1266 1183 1182 1265 1265 1264 1346 1346 1346 1264 1264 1264 1265 1264 1264 1181 1181 1181 1182 1182 1265 1265 1181 1265 1265 1265 1265 1347 1347 1266 1182 1182 1182 1265 1265 1181 1265 1264 1264 1264 1264 1264 1264 1264 1346 1347 1348 1348 1267 1267 1267 1266 1266 1348 1266 1347 1347 1427 1427 1427 1427 1427 1426 1425 1344 1344 1426 1426 1426 1427 1347 1347 1347 1347 1346 1347 1347 1347 1347 1346
1265 1265 1265 1266 1183 1267 1266 1265 1264 1263 1263 1262 1262 1179 1179 1179 1263 1263 1180 1181 1181 1265 1182 1182 1265 1265 1265 1265 1265 1265 1265 1265 1265 1182 1182 1099 1182 1265 1180 1179 1180 1181 1264 1264 1264 1264 1264 1346 1346 1347 1266 1267 1268 1268 1349 1267 1267 1267 1267 1267 1267 1349 1349 1266 1348 1427 1427 1345 1345 1345 1345 1427 1428 1348 1347 1347 1347 1347 1347 1347 1347 1347 1347 1347
1266 1265 1266 1182 1182 1182 1182 1264 1263 1345 1344 1262 1262 1263 1263 1263 1179 1263 1180 1180 1264 1264 1265 1181 1181 1266 1266 1265 1265 1265 1265 1266 1182 1182 1182 1181 1181 1181 1180 1181 1181 1181 1264 1264 1264 1264 1265 1347 1347 1266 1266 1267 1268 1350 1349 1349 1349 1268 1267 1267 1267 1267 1348 1348 1348 1347 1346 1345 1345 1345 1346 1428 1428 1348 1348 1347 1347 1347 1348 1349 1348 1265 1265 1265
1182 1182 1182 1182 1182 1182 1181 1264 1345 1345 1345 1263 1263 1263 1264 1265 1264 1265 1181 1181 1181 1265 1265 1181 1182 1266 1266 1266 1266 1266 1266 1266 1266 1182 1181 1265 1180 1180 1180 1180 1181 1181 1265 1265 1265 1265 1266 1266 1265 1347 1348 1348 1349 1348 1348 1349 1349 1348 1348 1428 1428 1347 1347 1347 1347 1347 1346 1346 1345 1346 1346 1347 1347 1429 1430 1429 1429 1429 1348 1348 1347 1347 1265 1265
1266 1182 1182 1182 1266 1182 1181 1264 1345 1346 1346 1265 1265 1265 1266 1266 1266 1266 1265 1265 1181 1266 1183 1182 1182 1182 1182 1266 1266 1266 1266 1266 1266 1181 1180 1180 1179 1179 1180 1265 1265 1182 1182 1182 1182 1265 1265 1265 1346 1346 1427 1347 1347 1348 1347 1428 1428 1428 1428 1428 1428 1347 1346 1346 1347 1346 1346 1346 1346 1346 1347 1348 1348 1348 1349 1348 1348 1348 1347 1347 1427 1346 1346 1346
1266 1266 1266 1265 1266 1182 1181 1264 1264 1265 1265 1266 1266 1183 1183 1183 1183 1182 1266 1266 1266 1183 1183 1183 1183 1183 1183 1266 1266 1266 1182 1182 1181 1264 1180 1097 1180 1180 1264 1265 1265 1266 1183 1182 1182 1265 1346 1427 1426 1426 1426 1427 1347 1348 1428 1427 1427 1428 1347 1347 1347 1346 1345 1346 1347 1428 1347 1347 1347 1428 1348 1349 1349 1349 1267 1267 1267 1348 1427 1426 1426 1427 1426 1345
1347 1347 1347 1265 1266 1267 1182 1181 1181 1182 1182 1266 1266 1267 1267 1267 1183 1183 1182 1182 1182 1267 1267 1183 1183 1183 1183 1266 1266 1266 1266 1181 1181 1180 1180 1097 1180 1264 1347 1265 1265 1266 1266 1348 1348 1346 1427 1426 1426 1426 1426 1346 1348 1348 1428 1428 1428 1347 1347 1346 1346 1427 1427 1427 1428 1428 1347 1347 1347 1347 1348 1349 1348 1348 1348 1347 1347 1428 1427 1505 1505 1426 1426 1426
1347 1347 1347 1347 1348 1266 1182 1181 1181 1182 1182 1267 1267 1267 1267 1267 1268 1183 1182 1182 1182 1182 1266 1182 1182 1182 1265 1266 1266 1266 1266 1266 1181 1180 1180 1180 1180 1264 1346 1264 1264 1265 1347 1347 1347 1427 1426 1506 1426 1426 1346 1347 1266 1348 1348 1348 1347 1265 1347 1347 1347 1427 1427 1427 1428 1428 1428 1428 1428 1348 1348 1348 1347 1347 1347 1428 1428 1427 1427 1426 1426 1426 1426 1345
1347 1347 1346 1347 1348 1348 1265 1266 1266 1266 1267 1267 1267 1267 1267 1268 1268 1267 1267 1183 1184 1183 1183 1267 1266 1266 1266 1266 1266 1266 1266 1266 1182 1181 1265 1265 1265 1265 1346 1264 1264 1265 1265 1347 1347 1427 1426 1426 1426 1346 1347 1266 1267 1348 1348 1348 1266 1265 1347 1347 1347 1428 1427 1427 1428 1428 1427 1427 1428 1347 1347 1347 1347 1347 1428 1347 1347 1428 1428 1427 1427 1427 1346 1345
1347 1347 1346 1347 1348 1348 1265 1266 1266 1266 1267 1267 1267 1267 1267 1268 1268 1267 1267 1183 1184 1183 1183 1267 1266 1266 1266 1266 1266 1266 1266 1266 1182 1181 1265 1265 1265 1265 1346 1264 1264 1265 1265 1347 1347 1427 1426 1426 1426 1346 1347 1266 1267 1348 1348 1348 1266 1265 1347 1347 1347 1428 1427 1427 1428 1428 1427 1427 1428 1347 1347 1347 1347 1347 1428 1347 1347 1428 1428 1427 1427 1427 1346 1345
1266 1347 1265 1346 1347 1347 1347 1266 1266 1266 1267 1183 1183 1267 1267 1268 1267 1267 1267 1268 1269 1269 1269 1268 1268 1267 1266 1266 1266 1266 1265 1182 1182 1266 1266 1266 1265 1347 1346 1264 1265 1265 1265 1347 1347 1427 1426 1505 1506 1427 1347 1267 1267 1348 1349 1348 1348 1348 1348 1348 1348 1348 1348 1348 1349 1348 1347 1347 1428 1428 1347 1347 1347 1347 1428 1428 1428 1428 1428 1427 1427 1427 1427 1427
1183 1267 1265 1347 1347 1347 1265 1266 1266 1182 1183 1183 1183 1183 1184 1267 1267 1267 1267 1268 1268 1184 1184 1269 1269 1268 1267 1266 1266 1347 1265 1182 1182 1266 1266 1266 1265 1265 1265 1265 1265 1265 1347 1346 1346 1426 1505 1505 1426 1428 1348 1349 1349 1348 1348 1348 1348 1348 1348 1348 1348 1349 1349 1349 1267 1348 1266 1266 1348 1348 1349 1348 1348 1348 1348 1348 1348 1348 1428 1428 1347 1346 1346 1427
1100 1183 1266 1265 1347 1347 1265 1266 1182 1182 1183 1183 1183 1183 1183 1268 1267 1267 1267 1349 1348 1266 1268 1184 1269 1268 1267 1266 1266 1265 1265 1182 1182 1266 1348 1266 1265 1265 1265 1265 1347 1346 1346 1346 1346 1426 1506 1426 1427 1347 1348 1348 1348 1348 1347 1265 1348 1348 1348 1348 1348 1349 1349 1267 1267 1267 1267 1267 1350 1350 1349 1267 1267 1267 1267 1349 1349 1349 1348 1348 1348 1347 1347 1347
