1. mHM/Maipo Basin 5710001/morph/soil_class_horizon_02.asc
ncols        384
nrows        768
xllcorner    -70.500000000000
yllcorner    -34.500000000000
cellsize     0.001953125000
NODATA_value -9999
[rows 418 to 455 of 768, columns 84 to 167 of 384]
1505 1506 1505 1505 1505 1505 1505 1505 1504 1503 1582 1581 1581 1503 1582 1582 1503 1503 1582 1582 1582 1661 1661 1661 1739 1740 1740 1741 1742 1665 1666 1665 1741 1816 1814 1814 1814 1889 1889 1815 1815 1816 1740 1739 1815 1814 1814 1889 1964 1963 1889 1816 1816 1742 1742 1742 1818 1818 1817 1817 1741 1665 1666 1667 1667 1590 1667 1667 1667 1667 1667 1667 1667 1667 1667 1667 1667 1667 1667 1668 1591 1591 1667 1742
1585 1506 1505 1505 1505 1504 1583 1583 1582 1503 1503 1502 1502 1503 1424 1504 1504 1583 1582 1582 1582 1582 1661 1739 1739 1739 1740 1741 1742 1665 1665 1665 1741 1740 1739 1814 1814 1889 1890 1890 1815 1740 1740 1740 1740 1739 1738 1814 1889 1963 1888 1889 1889 1817 1742 1742 1742 1817 1817 1818 1818 1742 1667 1667 1590 1591 1669 1667 1667 1667 1668 1591 1590 1590 1590 1591 1591 1591 1591 1591 1591 1668 1667 1666
1506 1505 1504 1504 1504 1582 1583 1583 1661 1583 1583 1504 1505 1425 1344 1424 1504 1504 1504 1503 1503 1582 1662 1740 1740 1740 1816 1741 1742 1743 1665 1665 1740 1739 1739 1814 1814 1889 1890 1815 1816 1741 1663 1664 1663 1739 1739 1738 1813 1963 1888 1889 1889 1815 1665 1665 1665 1742 1818 1742 1742 1666 1667 1669 1670 1670 1591 1591 1591 1591 1591 1592 1592 1591 1591 1591 1591 1591 1591 1591 1668 1668 1744 1743
1504 1504 1503 1503 1503 1582 1582 1583 1661 1583 1583 1504 1425 1345 1263 1345 1425 1505 1505 1584 1584 1584 1662 1664 1740 1816 1816 1741 1742 1742 1742 1741 1740 1739 1738 1738 1738 1739 1739 1740 1740 1663 1663 1664 1663 1662 1739 1738 1814 1964 1888 1889 1889 1739 1665 1666 1666 1742 1742 1742 1666 1666 1667 1668 1670 1670 1669 1591 1591 1591 1513 1513 1513 1513 1592 1591 1592 1591 1591 1669 1669 1670 1669 1745
1503 1503 1503 1503 1503 1582 1582 1583 1583 1583 1504 1424 1425 1345 1345 1345 1505 1504 1583 1583 1583 1584 1584 1663 1663 1740 1740 1741 1665 1666 1587 1586 1662 1739 1738 1738 1738 1739 1739 1740 1663 1663 1663 1740 1740 1740 1739 1739 1815 1889 1889 1814 1814 1740 1742 1743 1743 1743 1742 1666 1666 1666 1589 1590 1591 1591 1591 1591 1591 1592 1513 1513 1514 1513 1513 1513 1591 1669 1669 1669 1669 1669 1745 1744
1504 1504 1504 1504 1504 1583 1583 1583 1661 1583 1425 1344 1345 1345 1345 1425 1504 1583 1583 1583 1583 1583 1505 1506 1586 1586 1664 1665 1587 1665 1664 1663 1662 1739 1663 1662 1662 1739 1662 1663 1740 1740 1740 1816 1816 1815 1816 1739 1815 1889 1889 1815 1815 1741 1741 1742 1743 1666 1666 1667 1666 1666 1666 1589 1590 1590 1591 1591 1591 1592 1513 1434 1434 1514 1513 1514 1592 1668 1744 1744 1744 1820 1819 1819
1584 1584 1583 1583 1583 1583 1583 1583 1583 1506 1427 1345 1345 1345 1426 1505 1504 1504 1583 1583 1583 1505 1505 1506 1507 1586 1664 1664 1664 1664 1664 1664 1664 1664 1586 1586 1586 1664 1663 1663 1740 1740 1740 1816 1816 1815 1816 1740 1815 1889 1814 1739 1739 1741 1742 1743 1666 1667 1667 1589 1666 1666 1666 1667 1590 1590 1591 1591 1591 1513 1434 1434 1435 1434 1434 1354 1434 1591 1667 1666 1743 1743 1743 1818
1505 1583 1584 1583 1583 1583 1583 1583 1583 1505 1425 1425 1424 1425 1425 1505 1505 1505 1504 1505 1505 1505 1506 1506 1506 1585 1662 1662 1662 1740 1740 1740 1740 1664 1586 1664 1664 1664 1663 1663 1741 1740 1740 1740 1816 1816 1739 1739 1740 1816 1816 1741 1741 1741 1742 1666 1666 1667 1667 1590 1589 1589 1667 1667 1590 1590 1591 1592 1592 1513 1434 1353 1434 1354 1434 1433 1433 1511 1510 1589 1666 1743 1744 1743
1504 1504 1504 1504 1504 1504 1583 1583 1583 1504 1424 1424 1424 1424 1425 1505 1505 1505 1505 1505 1505 1505 1505 1584 1584 1584 1661 1661 1661 1661 1661 1739 1739 1663 1663 1663 1663 1663 1663 1662 1662 1662 1739 1739 1816 1740 1740 1740 1816 1817 1817 1817 1817 1818 1742 1742 1666 1667 1667 1590 1590 1590 1590 1590 1590 1591 1591 1591 1591 1592 1514 1353 1353 1354 1353 1352 1432 1511 1511 1589 1666 1666 1666 1665
1503 1503 1504 1424 1424 1425 1504 1583 1504 1424 1424 1424 1424 1425 1505 1505 1505 1505 1505 1584 1584 1584 1583 1584 1584 1583 1583 1583 1583 1583 1584 1662 1662 1662 1662 1662 1662 1662 1662 1583 1583 1661 1738 1738 1739 1740 1740 1740 1741 1818 1818 1818 1818 1817 1742 1743 1666 1667 1667 1590 1590 1668 1668 1668 1590 1590 1667 1744 1744 1667 1512 1434 1434 1434 1353 1353 1353 1433 1511 1589 1588 1587 1587 1587
1502 1581 1503 1504 1504 1424 1504 1582 1503 1424 1424 1504 1424 1425 1505 1505 1505 1505 1505 1505 1505 1583 1661 1661 1662 1662 1662 1661 1661 1661 1661 1661 1661 1583 1583 1583 1583 1583 1583 1583 1583 1661 1660 1661 1662 1585 1663 1740 1741 1818 1894 1819 1819 1819 1742 1666 1666 1589 1667 1667 1667 1744 1743 1743 1666 1743 1819 1819 1819 1743 1743 1667 1511 1512 1432 1353 1354 1435 1513 1512 1590 1588 1587 1587
1581 1582 1503 1504 1504 1424 1504 1503 1503 1504 1504 1504 1505 1425 1425 1506 1506 1505 1505 1584 1584 1505 1584 1584 1584 1584 1584 1661 1661 1661 1661 1661 1583 1583 1583 1582 1582 1583 1583 1661 1660 1659 1660 1660 1661 1584 1585 1663 1664 1742 1742 1819 1819 1743 1743 1665 1665 1588 1666 1666 1743 1818 1742 1742 1743 1819 1818 1818 1818 1819 1818 1743 1589 1510 1511 1433 1434 1434 1434 1513 1590 1589 1588 1587
1582 1583 1504 1505 1505 1505 1504 1582 1582 1504 1504 1504 1505 1505 1505 1506 1506 1506 1507 1506 1506 1505 1505 1584 1584 1662 1584 1583 1661 1661 1660 1660 1661 1660 1660 1660 1660 1661 1661 1737 1736 1736 1736 1737 1738 1661 1661 1661 1662 1739 1663 1741 1741 1742 1665 1665 1665 1588 1588 1666 1743 1743 1743 1743 1818 1819 1818 1818 1818 1819 1819 1743 1667 1589 1511 1512 1433 1434 1433 1512 1590 1589 1588 1588
1505 1505 1505 1584 1584 1584 1583 1660 1660 1582 1504 1505 1505 1584 1584 1584 1584 1506 1506 1506 1506 1505 1505 1505 1505 1584 1584 1583 1583 1660 1660 1582 1660 1660 1660 1660 1660 1737 1813 1813 1812 1887 1887 1813 1814 1814 1738 1738 1661 1662 1662 1662 1662 1663 1587 1664 1664 1587 1588 1666 1667 1668 1744 1743 1743 1819 1819 1819 1819 1743 1743 1744 1667 1667 1590 1512 1433 1433 1513 1590 1589 1667 1589 1509
1505 1584 1661 1661 1661 1661 1738 1737 1660 1660 1583 1583 1583 1584 1584 1584 1504 1504 1504 1504 1504 1504 1504 1504 1423 1503 1503 1503 1503 1503 1581 1581 1581 1659 1659 1736 1736 1812 1887 1887 1888 1813 1737 1813 1813 1814 1738 1739 1662 1661 1662 1662 1662 1584 1585 1663 1664 1587 1588 1666 1666 1589 1667 1743 1743 1743 1668 1668 1668 1667 1667 1667 1667 1668 1591 1513 1433 1433 1432 1511 1589 1589 1589 1510
1582 1660 1737 1737 1737 1737 1737 1737 1660 1582 1583 1583 1504 1504 1504 1504 1504 1504 1504 1504 1504 1505 1504 1504 1503 1503 1503 1502 1502 1503 1503 1582 1581 1581 1659 1736 1736 1736 1812 1812 1813 1737 1737 1737 1737 1738 1739 1739 1662 1661 1661 1662 1662 1584 1662 1663 1664 1587 1588 1588 1588 1588 1666 1743 1743 1667 1668 1669 1669 1668 1668 1668 1668 1591 1513 1434 1434 1434 1353 1433 1590 1667 1590 1431
1582 1660 1737 1737 1737 1737 1737 1737 1660 1582 1583 1583 1504 1504 1504 1504 1504 1504 1504 1504 1504 1505 1504 1504 1503 1503 1503 1502 1502 1503 1503 1582 1581 1581 1659 1736 1736 1736 1812 1812 1813 1737 1737 1737 1737 1738 1739 1739 1662 1661 1661 1662 1662 1584 1662 1663 1664 1587 1588 1588 1588 1588 1666 1743 1743 1667 1668 1669 1669 1668 1668 1668 1668 1591 1513 1434 1434 1434 1353 1433 1590 1667 1590 1431
1737 1812 1812 1736 1736 1736 1737 1660 1660 1582 1582 1582 1504 1505 1504 1583 1583 1504 1505 1505 1505 1505 1505 1504 1582 1582 1503 1502 1581 1502 1503 1582 1581 1581 1658 1658 1658 1659 1736 1736 1737 1737 1737 1737 1737 1738 1662 1662 1662 1662 1662 1584 1584 1584 1662 1663 1664 1587 1588 1588 1588 1588 1666 1743 1744 1668 1669 1669 1669 1669 1591 1591 1591 1591 1513 1434 1434 1434 1433 1512 1590 1667 1589 1509
1812 1812 1811 1736 1736 1659 1660 1660 1661 1583 1584 1504 1504 1504 1504 1504 1504 1504 1504 1504 1504 1504 1504 1583 1582 1582 1660 1659 1581 1581 1659 1659 1658 1659 1659 1659 1659 1658 1659 1659 1737 1737 1737 1737 1737 1661 1661 1584 1584 1584 1662 1585 1585 1664 1664 1741 1741 1665 1588 1588 1588 1666 1666 1666 1666 1667 1668 1668 1668 1668 1669 1669 1591 1592 1513 1513 1433 1433 1512 1591 1591 1668 1589 1510
1736 1736 1659 1659 1659 1660 1582 1583 1661 1584 1505 1505 1505 1504 1425 1425 1425 1425 1504 1504 1504 1504 1583 1582 1582 1582 1583 1582 1581 1581 1581 1581 1582 1582 1660 1660 1660 1737 1737 1736 1659 1659 1660 1660 1660 1661 1661 1584 1585 1585 1585 1585 1585 1586 1587 1665 1742 1665 1587 1588 1588 1665 1665 1665 1666 1667 1668 1668 1668 1668 1669 1669 1669 1591 1513 1513 1433 1512 1512 1512 1591 1667 1666 1589
1660 1737 1737 1660 1660 1582 1583 1583 1583 1504 1505 1505 1504 1504 1505 1505 1505 1505 1505 1504 1504 1504 1503 1582 1582 1583 1583 1582 1582 1582 1582 1582 1582 1583 1661 1660 1660 1660 1737 1736 1736 1659 1659 1659 1737 1660 1661 1661 1662 1662 1662 1584 1584 1506 1508 1587 1665 1665 1586 1508 1587 1665 1665 1665 1666 1589 1511 1511 1511 1590 1591 1591 1591 1668 1590 1513 1513 1512 1512 1590 1589 1667 1743 1743
1660 1737 1660 1660 1660 1583 1583 1505 1584 1583 1584 1583 1583 1583 1583 1504 1504 1584 1584 1584 1584 1584 1504 1504 1582 1582 1582 1582 1582 1582 1582 1582 1583 1583 1661 1660 1660 1660 1659 1659 1736 1736 1659 1659 1737 1737 1660 1661 1661 1584 1584 1506 1506 1506 1506 1586 1587 1587 1587 1587 1587 1587 1587 1588 1588 1510 1512 1432 1432 1512 1591 1591 1591 1591 1513 1513 1513 1512 1590 1589 1667 1743 1743 1742
1660 1660 1583 1505 1505 1505 1504 1505 1505 1584 1583 1661 1661 1582 1583 1583 1583 1583 1583 1584 1584 1584 1584 1584 1583 1582 1582 1582 1582 1582 1582 1582 1583 1583 1661 1660 1660 1660 1582 1659 1659 1659 1660 1659 1659 1660 1660 1583 1583 1584 1584 1583 1583 1583 1584 1585 1586 1587 1587 1508 1587 1587 1587 1588 1588 1510 1431 1431 1431 1512 1591 1512 1591 1590 1513 1513 1512 1511 1589 1589 1666 1743 1742 1742
1583 1584 1506 1507 1507 1505 1504 1505 1506 1506 1584 1584 1661 1660 1583 1583 1582 1582 1582 1661 1661 1583 1583 1584 1583 1582 1582 1582 1582 1582 1582 1582 1583 1583 1661 1660 1660 1582 1582 1582 1660 1660 1582 1659 1581 1582 1660 1583 1583 1583 1583 1583 1583 1583 1584 1585 1586 1586 1587 1508 1587 1587 1587 1587 1587 1588 1511 1431 1431 1512 1512 1512 1511 1590 1590 1512 1512 1511 1589 1589 1588 1742 1742 1742
1583 1505 1507 1427 1427 1427 1426 1425 1425 1425 1506 1506 1506 1505 1505 1584 1583 1582 1582 1582 1582 1583 1583 1582 1583 1582 1582 1582 1503 1582 1583 1583 1583 1583 1660 1660 1660 1660 1660 1582 1582 1660 1659 1580 1659 1660 1660 1660 1582 1583 1584 1584 1584 1585 1585 1663 1664 1665 1664 1665 1587 1586 1586 1586 1664 1664 1588 1510 1510 1511 1512 1512 1511 1590 1591 1512 1433 1513 1512 1590 1589 1665 1742 1742
1506 1507 1507 1427 1427 1347 1427 1427 1346 1346 1346 1427 1427 1427 1427 1427 1506 1583 1583 1583 1583 1582 1582 1582 1582 1583 1582 1582 1503 1504 1583 1583 1583 1583 1582 1660 1660 1660 1582 1582 1581 1659 1659 1659 1581 1660 1660 1661 1583 1583 1662 1585 1585 1585 1586 1587 1587 1666 1665 1665 1665 1665 1665 1665 1741 1665 1587 1588 1588 1511 1512 1512 1591 1590 1512 1433 1434 1513 1512 1590 1666 1665 1741 1741
1427 1347 1346 1346 1346 1346 1346 1346 1347 1347 1346 1346 1345 1346 1427 1428 1428 1427 1427 1426 1426 1425 1504 1503 1582 1583 1583 1583 1583 1583 1583 1583 1583 1582 1582 1660 1660 1582 1582 1582 1582 1660 1660 1660 1582 1660 1660 1660 1661 1583 1584 1585 1585 1586 1508 1509 1509 1588 1587 1587 1588 1666 1742 1742 1741 1665 1588 1588 1588 1511 1512 1512 1512 1512 1513 1513 1514 1513 1511 1588 1665 1741 1741 1741
1427 1346 1347 1347 1347 1428 1427 1427 1346 1346 1346 1345 1345 1346 1428 1428 1427 1427 1426 1426 1426 1426 1426 1505 1583 1583 1583 1583 1583 1583 1583 1583 1583 1583 1582 1660 1660 1660 1660 1660 1582 1581 1658 1659 1581 1581 1582 1582 1582 1583 1583 1662 1662 1585 1507 1507 1508 1588 1588 1588 1589 1589 1666 1743 1742 1666 1589 1589 1589 1590 1512 1512 1513 1513 1434 1514 1514 1513 1511 1588 1587 1664 1741 1740
1427 1427 1427 1427 1427 1427 1427 1427 1427 1346 1346 1346 1346 1346 1427 1427 1427 1427 1427 1427 1427 1426 1426 1505 1584 1584 1584 1584 1584 1583 1583 1583 1583 1583 1583 1582 1582 1660 1660 1582 1660 1581 1580 1580 1580 1581 1502 1581 1581 1581 1660 1660 1660 1661 1584 1584 1585 1586 1587 1588 1588 1666 1667 1666 1742 1742 1666 1589 1589 1590 1591 1591 1513 1514 1435 1435 1515 1514 1511 1588 1588 1665 1816 1739
1427 1426 1426 1426 1426 1427 1428 1428 1427 1346 1347 1346 1346 1346 1346 1427 1427 1427 1427 1427 1427 1426 1505 1505 1584 1584 1584 1584 1584 1583 1583 1582 1583 1583 1583 1583 1583 1660 1582 1582 1660 1659 1581 1581 1581 1581 1582 1582 1582 1659 1659 1659 1659 1660 1661 1583 1584 1585 1586 1588 1666 1665 1743 1742 1817 1817 1742 1666 1666 1589 1589 1589 1590 1513 1514 1434 1434 1514 1512 1589 1665 1742 1740 1740
1427 1427 1426 1506 1506 1507 1507 1507 1428 1347 1347 1347 1347 1347 1346 1427 1426 1426 1426 1505 1505 1505 1505 1505 1584 1584 1584 1583 1583 1583 1661 1583 1583 1583 1583 1583 1583 1583 1661 1660 1660 1659 1581 1582 1503 1503 1583 1583 1660 1660 1660 1660 1660 1737 1737 1661 1584 1586 1665 1665 1665 1742 1742 1817 1891 1816 1742 1742 1742 1665 1588 1589 1590 1590 1591 1513 1513 1513 1591 1589 1665 1664 1740 1740
1428 1427 1507 1507 1507 1507 1507 1507 1427 1427 1346 1347 1346 1427 1427 1426 1505 1505 1505 1505 1505 1584 1505 1505 1584 1584 1583 1583 1583 1661 1661 1583 1583 1583 1583 1583 1583 1583 1661 1660 1660 1659 1581 1503 1503 1503 1583 1583 1660 1660 1660 1660 1660 1737 1737 1661 1584 1586 1664 1664 1742 1742 1817 1891 1891 1816 1742 1742 1742 1665 1588 1589 1590 1590 1591 1512 1512 1512 1590 1589 1587 1586 1586 1664
1428 1427 1507 1507 1507 1507 1507 1507 1427 1427 1346 1347 1346 1427 1427 1426 1505 1505 1505 1505 1505 1584 1505 1505 1584 1584 1583 1583 1583 1661 1661 1583 1583 1583 1583 1583 1583 1583 1661 1660 1660 1659 1581 1503 1503 1503 1583 1583 1660 1660 1660 1660 1660 1737 1737 1661 1584 1586 1664 1664 1742 1742 1817 1891 1891 1816 1742 1742 1742 1665 1588 1589 1590 1590 1591 1512 1512 1512 1590 1589 1587 1586 1586 1664
1428 1427 1427 1507 1507 1507 1427 1507 1507 1427 1346 1346 1427 1427 1426 1505 1504 1503 1583 1505 1505 1505 1505 1505 1584 1584 1584 1584 1583 1661 1661 1661 1583 1583 1583 1661 1661 1661 1582 1581 1659 1659 1659 1582 1582 1581 1582 1583 1660 1660 1661 1661 1661 1737 1812 1737 1661 1584 1584 1740 1742 1742 1817 1817 1817 1741 1665 1666 1666 1666 1667 1589 1590 1590 1590 1591 1590 1589 1587 1587 1586 1586 1586 1586
1347 1427 1427 1507 1507 1427 1427 1507 1507 1507 1427 1346 1427 1426 1505 1504 1503 1582 1583 1584 1584 1505 1505 1584 1505 1505 1584 1583 1583 1661 1661 1583 1583 1584 1661 1661 1661 1582 1582 1582 1660 1660 1660 1582 1581 1581 1660 1660 1661 1661 1661 1661 1661 1737 1736 1737 1661 1505 1584 1663 1663 1740 1816 1817 1742 1665 1665 1666 1666 1667 1667 1589 1590 1591 1591 1512 1511 1588 1586 1586 1586 1586 1586 1663
1346 1346 1427 1507 1507 1507 1507 1507 1507 1507 1428 1346 1426 1505 1504 1424 1504 1504 1504 1505 1505 1505 1584 1585 1584 1584 1584 1584 1583 1584 1661 1661 1583 1584 1583 1583 1583 1583 1583 1583 1583 1582 1582 1582 1659 1659 1660 1660 1661 1661 1661 1661 1661 1661 1661 1661 1662 1662 1662 1663 1663 1663 1741 1741 1742 1742 1742 1743 1743 1666 1667 1590 1590 1591 1512 1512 1511 1509 1508 1586 1586 1586 1586 1663
1428 1428 1428 1428 1428 1427 1427 1426 1506 1506 1506 1426 1425 1424 1504 1503 1503 1504 1504 1505 1505 1505 1584 1585 1585 1584 1584 1584 1584 1584 1661 1661 1583 1583 1583 1583 1583 1583 1583 1583 1583 1583 1582 1660 1660 1737 1737 1661 1584 1505 1504 1661 1661 1662 1662 1662 1662 1662 1662 1662 1663 1664 1664 1741 1741 1741 1741 1742 1742 1666 1589 1590 1591 1592 1591 1589 1589 1509 1508 1587 1587 1586 1585 1662
1428 1428 1428 1428 1428 1507 1506 1506 1505 1504 1505 1425 1425 1425 1504 1503 1503 1504 1504 1505 1505 1505 1505 1506 1506 1507 1586 1586 1586 1663 1662 1584 1584 1584 1584 1584 1584 1583 1583 1583 1661 1661 1661 1660 1660 1737 1737 1661 1504 1425 1504 1583 1583 1584 1662 1662 1662 1662 1661 1662 1663 1663 1663 1740 1741 1742 1665 1742 1742 1666 1667 1666 1667 1667 1667 1588 1588 1588 1587 1587 1586 1586 1585 1584
