1. mHM/Maipo Basin 5710001/morph/soil_class_horizon_03.asc
ncols        384
nrows        768
xllcorner    -70.500000000000
yllcorner    -34.500000000000
cellsize     0.001953125000
NODATA_value -9999
[rows 418 to 455 of 768, columns 168 to 251 of 384]
1818 1892 1967 1892 1818 1818 1818 1818 1818 1818 1742 1742 1743 1743 1666 1667 1667 1668 1668 1590 1511 1512 1433 1513 1512 1512 1512 1513 1513 1513 1592 1513 1513 1512 1432 1433 1352 1352 1352 1353 1353 1433 1513 1512 1512 1512 1512 1511 1511 1590 1590 1588 1588 1589 1589 1590 1590 1590 1590 1589 1589 1666 1667 1667 1667 1589 1589 1432 1433 1513 1433 1432 1431 1512 1512 1590 1511 1511 1512 1432 1432 1433 1353 1353
1743 1818 1818 1818 1818 1818 1818 1818 1893 1892 1892 1892 1818 1743 1743 1744 1744 1667 1667 1667 1667 1668 1590 1590 1589 1589 1590 1512 1512 1591 1591 1512 1512 1512 1433 1433 1433 1433 1434 1353 1353 1433 1433 1512 1512 1512 1432 1512 1512 1590 1589 1667 1667 1667 1667 1590 1590 1590 1590 1590 1667 1743 1667 1591 1591 1512 1432 1433 1352 1433 1433 1433 1513 1512 1512 1513 1513 1433 1434 1434 1434 1353 1353 1353
1819 1819 1743 1819 1819 1819 1818 1893 1892 1892 1891 1892 1892 1818 1818 1818 1818 1818 1743 1667 1668 1667 1666 1666 1742 1742 1743 1667 1590 1590 1591 1512 1512 1512 1512 1433 1433 1513 1513 1513 1514 1434 1434 1513 1513 1514 1514 1434 1434 1512 1590 1590 1590 1667 1667 1667 1590 1590 1668 1668 1590 1589 1590 1512 1512 1513 1433 1352 1352 1433 1512 1512 1512 1512 1513 1434 1434 1434 1434 1353 1353 1354 1353 1353
1821 1819 1820 1819 1819 1819 1893 1892 1966 1966 1891 1891 1892 1818 1818 1818 1818 1893 1818 1743 1819 1819 1818 1742 1742 1741 1741 1742 1743 1667 1590 1512 1512 1512 1590 1512 1513 1513 1513 1513 1513 1513 1434 1435 1435 1436 1436 1436 1436 1434 1513 1591 1591 1590 1590 1590 1589 1668 1668 1668 1668 1590 1590 1591 1591 1591 1591 1512 1512 1512 1512 1512 1512 1512 1433 1434 1353 1353 1354 1354 1354 1354 1353 1353
1820 1819 1894 1894 1893 1893 1893 1967 1966 1966 1891 1892 1893 1893 1818 1818 1818 1818 1818 1819 1819 1819 1818 1818 1742 1742 1742 1742 1742 1743 1743 1667 1667 1667 1666 1667 1668 1668 1591 1591 1590 1668 1591 1592 1514 1435 1436 1355 1355 1435 1513 1512 1591 1590 1590 1590 1667 1667 1667 1667 1667 1668 1590 1590 1590 1590 1590 1590 1591 1512 1512 1512 1513 1513 1433 1434 1353 1353 1353 1353 1353 1353 1352 1352
1819 1893 1893 1893 1893 1893 1892 1892 1893 1968 1968 1968 1893 1893 1818 1819 1819 1819 1742 1743 1743 1743 1818 1818 1818 1818 1818 1818 1818 1818 1818 1742 1742 1742 1742 1818 1818 1742 1742 1742 1743 1743 1743 1744 1668 1592 1514 1435 1435 1354 1434 1512 1591 1590 1668 1667 1667 1743 1667 1667 1744 1744 1744 1667 1667 1667 1667 1589 1590 1511 1512 1512 1513 1513 1434 1434 1353 1353 1353 1353 1353 1352 1351 1351
1819 1818 1818 1818 1818 1818 1818 1893 1893 1968 1968 1894 1894 1894 1819 1819 1819 1819 1743 1742 1742 1742 1818 1818 1818 1818 1818 1818 1819 1818 1818 1818 1818 1818 1819 1893 1817 1741 1741 1817 1817 1817 1817 1818 1819 1744 1591 1513 1513 1513 1513 1590 1589 1667 1743 1818 1818 1819 1819 1819 1819 1744 1668 1591 1591 1668 1667 1667 1589 1510 1511 1512 1512 1512 1433 1353 1353 1352 1351 1351 1351 1351 1350 1350
1743 1742 1742 1742 1742 1742 1742 1818 1893 1893 1819 1744 1744 1744 1744 1744 1744 1744 1744 1743 1743 1743 1743 1742 1818 1818 1818 1819 1893 1819 1819 1820 1820 1820 1820 1894 1818 1818 1818 1893 1818 1818 1818 1893 1894 1820 1745 1668 1668 1667 1667 1744 1743 1743 1818 1818 1818 1893 1893 1893 1893 1819 1745 1668 1668 1591 1668 1667 1589 1510 1511 1511 1511 1511 1431 1351 1351 1351 1432 1432 1432 1432 1432 1432
1666 1665 1587 1588 1588 1588 1588 1665 1741 1742 1666 1745 1745 1745 1668 1668 1668 1668 1668 1668 1668 1668 1667 1743 1818 1818 1818 1818 1894 1894 1820 1820 1820 1820 1820 1894 1893 1892 1967 1967 1892 1892 1893 1894 1895 1820 1820 1820 1820 1819 1819 1819 1819 1893 1892 1892 1893 1893 1968 1893 1818 1743 1668 1590 1590 1669 1590 1590 1590 1511 1511 1511 1511 1510 1430 1430 1431 1432 1351 1352 1352 1433 1432 1432
1665 1587 1587 1587 1588 1588 1588 1665 1742 1666 1666 1666 1667 1743 1667 1667 1667 1667 1668 1668 1669 1668 1667 1666 1742 1818 1817 1818 1743 1819 1819 1819 1819 1893 1819 1819 1893 1892 1967 1967 1892 1893 1894 1894 1895 1895 1895 1894 1894 1893 1818 1893 1893 1892 1891 1891 1892 1892 1892 1893 1743 1667 1590 1590 1590 1590 1590 1590 1590 1511 1512 1511 1510 1510 1509 1430 1431 1432 1432 1512 1512 1512 1512 1432
1588 1587 1587 1587 1587 1587 1587 1587 1587 1587 1665 1665 1665 1665 1665 1666 1666 1666 1667 1667 1667 1667 1667 1666 1743 1743 1743 1743 1667 1744 1744 1744 1744 1819 1819 1819 1819 1819 1819 1819 1743 1820 1895 1895 1895 1895 1894 1894 1894 1893 1892 1967 1892 1891 1891 1892 1818 1818 1743 1743 1744 1667 1667 1590 1590 1590 1590 1590 1590 1512 1511 1510 1510 1510 1429 1430 1431 1431 1432 1432 1432 1432 1432 1432
1666 1665 1587 1587 1508 1587 1587 1587 1587 1587 1586 1664 1664 1664 1664 1664 1664 1665 1665 1665 1665 1666 1666 1665 1664 1665 1667 1667 1590 1668 1668 1590 1590 1667 1744 1744 1744 1745 1745 1667 1667 1745 1820 1820 1895 1894 1894 1894 1894 1893 1893 1818 1893 1818 1818 1742 1743 1667 1667 1590 1590 1589 1589 1589 1589 1589 1589 1589 1590 1511 1429 1508 1509 1509 1429 1508 1509 1431 1351 1351 1351 1351 1351 1351
1666 1588 1588 1508 1509 1587 1665 1665 1664 1664 1664 1663 1663 1663 1663 1663 1663 1663 1663 1663 1585 1664 1665 1664 1664 1665 1588 1590 1590 1590 1668 1668 1668 1668 1668 1668 1668 1669 1668 1667 1668 1668 1668 1746 1821 1821 1820 1820 1820 1894 1819 1820 1744 1744 1744 1667 1590 1590 1590 1590 1590 1589 1589 1588 1588 1588 1588 1588 1509 1429 1429 1508 1508 1587 1508 1508 1429 1430 1351 1351 1351 1351 1351 1350
1588 1509 1509 1428 1428 1508 1508 1508 1587 1586 1585 1663 1663 1664 1663 1663 1663 1663 1663 1663 1585 1585 1585 1585 1586 1587 1509 1589 1589 1667 1589 1590 1590 1590 1590 1591 1669 1591 1590 1667 1667 1590 1669 1669 1669 1669 1669 1746 1746 1745 1745 1668 1590 1590 1590 1591 1512 1512 1512 1590 1590 1510 1588 1588 1588 1587 1587 1587 1508 1508 1508 1586 1586 1587 1508 1429 1429 1348 1349 1349 1349 1349 1349 1430
1510 1509 1509 1429 1429 1428 1428 1508 1508 1507 1586 1586 1586 1586 1586 1586 1586 1585 1585 1585 1506 1505 1584 1584 1585 1507 1508 1588 1588 1588 1588 1589 1589 1589 1589 1590 1590 1590 1589 1589 1589 1667 1590 1590 1589 1590 1591 1591 1591 1591 1591 1591 1591 1591 1591 1512 1432 1512 1511 1511 1510 1509 1588 1587 1587 1587 1587 1587 1508 1508 1586 1586 1587 1587 1508 1428 1428 1347 1347 1347 1347 1347 1348 1429
1589 1511 1510 1429 1429 1428 1508 1507 1507 1507 1507 1586 1586 1586 1586 1586 1586 1585 1586 1586 1585 1505 1505 1505 1585 1585 1507 1587 1588 1588 1588 1509 1509 1509 1509 1509 1589 1589 1589 1589 1589 1589 1589 1589 1589 1590 1591 1591 1591 1592 1592 1513 1513 1591 1512 1511 1431 1430 1509 1509 1508 1587 1586 1586 1586 1586 1586 1586 1587 1508 1507 1507 1507 1508 1427 1346 1346 1346 1346 1346 1346 1347 1347 1427
1589 1511 1510 1429 1429 1428 1508 1507 1507 1507 1507 1586 1586 1586 1586 1586 1586 1585 1586 1586 1585 1505 1505 1505 1585 1585 1507 1587 1588 1588 1588 1509 1509 1509 1509 1509 1589 1589 1589 1589 1589 1589 1589 1589 1589 1590 1591 1591 1591 1592 1592 1513 1513 1591 1512 1511 1431 1430 1509 1509 1508 1587 1586 1586 1586 1586 1586 1586 1587 1508 1507 1507 1507 1508 1427 1346 1346 1346 1346 1346 1346 1347 1347 1427
1589 1510 1430 1429 1429 1508 1586 1586 1506 1507 1507 1586 1586 1507 1586 1585 1585 1663 1586 1507 1505 1505 1426 1426 1506 1506 1586 1587 1587 1587 1587 1508 1508 1508 1428 1429 1509 1509 1509 1509 1509 1588 1588 1589 1511 1512 1513 1512 1512 1512 1512 1513 1513 1511 1510 1509 1429 1429 1508 1508 1507 1586 1586 1586 1586 1586 1586 1586 1586 1507 1507 1506 1426 1427 1346 1345 1345 1346 1346 1346 1346 1346 1346 1346
1588 1589 1510 1509 1509 1508 1508 1586 1507 1508 1508 1587 1507 1507 1585 1585 1585 1585 1507 1506 1506 1505 1426 1345 1345 1426 1506 1586 1586 1587 1587 1508 1508 1508 1508 1508 1508 1508 1508 1508 1507 1508 1509 1510 1510 1511 1511 1511 1511 1511 1510 1511 1431 1430 1508 1507 1428 1428 1427 1506 1505 1585 1663 1585 1585 1586 1586 1587 1507 1506 1505 1505 1426 1426 1427 1426 1426 1427 1427 1427 1427 1346 1346 1347
1667 1667 1589 1588 1587 1508 1508 1587 1508 1508 1508 1587 1586 1507 1586 1585 1585 1506 1507 1506 1505 1425 1425 1426 1345 1345 1425 1505 1585 1586 1507 1507 1507 1506 1507 1507 1507 1507 1427 1507 1507 1507 1507 1508 1508 1508 1508 1509 1509 1588 1508 1509 1429 1428 1427 1507 1507 1507 1506 1505 1583 1583 1583 1583 1583 1584 1584 1506 1506 1505 1505 1425 1426 1426 1427 1427 1426 1427 1427 1427 1427 1427 1346 1346
1819 1743 1666 1666 1587 1508 1509 1508 1587 1508 1587 1587 1587 1508 1508 1586 1586 1585 1506 1506 1505 1425 1425 1425 1344 1344 1344 1425 1506 1506 1506 1505 1505 1584 1506 1506 1585 1584 1584 1585 1585 1585 1586 1507 1506 1585 1585 1586 1586 1585 1506 1507 1507 1507 1427 1507 1507 1507 1506 1583 1583 1582 1582 1583 1583 1584 1584 1505 1505 1425 1425 1425 1426 1426 1427 1427 1426 1426 1427 1427 1427 1428 1427 1346
1818 1819 1743 1666 1589 1588 1509 1509 1587 1587 1587 1587 1508 1508 1508 1586 1586 1585 1506 1507 1507 1506 1425 1344 1344 1344 1344 1426 1426 1426 1506 1584 1584 1583 1583 1583 1583 1583 1584 1584 1584 1662 1662 1584 1585 1585 1585 1584 1584 1585 1506 1506 1506 1506 1506 1507 1507 1507 1506 1583 1582 1581 1582 1504 1504 1504 1504 1425 1425 1425 1425 1426 1345 1345 1346 1427 1426 1426 1427 1427 1427 1427 1427 1346
1818 1818 1743 1667 1667 1588 1588 1588 1587 1588 1510 1509 1508 1508 1508 1586 1586 1586 1586 1507 1507 1506 1425 1425 1425 1425 1425 1425 1426 1426 1426 1425 1425 1505 1504 1504 1583 1583 1583 1584 1584 1584 1583 1583 1584 1584 1584 1505 1505 1506 1426 1426 1426 1426 1426 1427 1427 1426 1505 1504 1503 1503 1423 1343 1343 1424 1424 1424 1425 1425 1425 1345 1345 1346 1346 1427 1426 1345 1346 1427 1427 1346 1346 1347
1818 1818 1743 1666 1666 1587 1587 1587 1509 1509 1509 1508 1508 1508 1507 1586 1586 1585 1586 1507 1507 1507 1506 1505 1425 1426 1506 1506 1505 1425 1424 1343 1343 1343 1344 1424 1424 1505 1505 1425 1505 1505 1504 1504 1505 1505 1425 1425 1425 1345 1345 1345 1345 1344 1345 1345 1264 1264 1345 1344 1344 1344 1344 1343 1343 1424 1424 1504 1425 1425 1426 1345 1346 1346 1346 1345 1345 1346 1347 1427 1427 1427 1346 1346
1818 1818 1742 1742 1665 1664 1586 1506 1507 1508 1508 1508 1508 1508 1507 1586 1586 1586 1586 1507 1507 1507 1506 1426 1426 1426 1426 1426 1425 1424 1343 1343 1343 1343 1343 1425 1425 1425 1425 1425 1425 1425 1425 1425 1425 1425 1425 1344 1344 1345 1345 1344 1344 1344 1345 1264 1264 1264 1264 1345 1344 1344 1344 1424 1424 1424 1504 1504 1425 1425 1426 1346 1346 1346 1427 1346 1346 1347 1347 1427 1427 1427 1346 1346
1817 1818 1742 1742 1664 1664 1585 1506 1506 1507 1508 1508 1507 1586 1586 1586 1586 1586 1586 1507 1507 1507 1427 1426 1345 1426 1426 1426 1425 1424 1424 1504 1504 1504 1425 1425 1425 1425 1425 1425 1425 1425 1425 1426 1426 1425 1425 1344 1344 1345 1345 1344 1344 1345 1262 1263 1264 1264 1264 1345 1345 1345 1344 1425 1425 1424 1504 1425 1425 1425 1426 1346 1347 1347 1346 1346 1347 1347 1347 1427 1427 1346 1346 1346
1817 1818 1742 1742 1665 1586 1586 1586 1586 1507 1508 1508 1507 1507 1507 1586 1586 1586 1507 1508 1427 1507 1427 1426 1345 1345 1426 1425 1425 1424 1504 1504 1504 1504 1504 1424 1425 1505 1425 1425 1425 1425 1426 1427 1427 1426 1426 1346 1346 1346 1346 1346 1346 1345 1345 1263 1264 1264 1264 1345 1345 1345 1344 1425 1425 1425 1504 1425 1425 1345 1346 1347 1347 1347 1347 1347 1347 1347 1346 1346 1346 1346 1346 1264
1816 1741 1665 1665 1587 1586 1586 1663 1664 1665 1587 1587 1586 1507 1507 1507 1507 1586 1508 1508 1507 1507 1426 1426 1426 1345 1426 1425 1425 1425 1425 1504 1504 1504 1504 1505 1505 1505 1505 1505 1425 1425 1426 1426 1426 1426 1426 1345 1345 1345 1427 1427 1345 1345 1345 1345 1263 1264 1264 1264 1345 1345 1345 1425 1425 1505 1504 1505 1426 1346 1347 1347 1346 1346 1346 1346 1347 1346 1346 1346 1346 1346 1264 1263
1815 1740 1664 1586 1586 1585 1585 1585 1585 1663 1664 1586 1586 1507 1507 1507 1507 1507 1507 1507 1507 1506 1506 1506 1506 1506 1506 1505 1505 1505 1505 1505 1505 1505 1505 1505 1505 1505 1505 1583 1504 1505 1425 1425 1424 1344 1344 1345 1345 1345 1427 1426 1345 1345 1345 1345 1263 1264 1264 1265 1346 1346 1426 1425 1425 1505 1505 1505 1426 1346 1346 1346 1346 1426 1426 1346 1346 1346 1346 1346 1346 1346 1345 1345
1816 1740 1664 1586 1585 1585 1584 1584 1584 1584 1585 1585 1586 1507 1507 1507 1507 1586 1586 1507 1507 1506 1506 1506 1505 1505 1505 1505 1504 1504 1504 1505 1505 1505 1505 1505 1505 1505 1505 1505 1505 1504 1424 1425 1344 1344 1345 1346 1346 1426 1426 1426 1345 1345 1345 1345 1346 1346 1346 1347 1346 1346 1426 1426 1426 1505 1505 1505 1505 1426 1346 1346 1427 1426 1426 1346 1346 1345 1345 1345 1345 1345 1345 1344
1740 1664 1664 1663 1663 1662 1584 1584 1584 1584 1585 1663 1586 1507 1507 1586 1586 1586 1586 1507 1426 1506 1506 1426 1505 1505 1505 1505 1504 1504 1504 1505 1505 1505 1505 1505 1425 1425 1506 1505 1505 1505 1425 1425 1425 1425 1345 1426 1426 1426 1426 1426 1346 1346 1346 1346 1345 1346 1346 1346 1347 1347 1346 1506 1506 1506 1505 1505 1505 1425 1345 1345 1426 1426 1426 1345 1345 1345 1345 1345 1345 1345 1344 1425
1664 1664 1663 1663 1662 1661 1584 1584 1585 1585 1663 1663 1586 1508 1507 1586 1586 1585 1506 1506 1426 1425 1426 1426 1506 1506 1426 1425 1425 1424 1424 1504 1504 1505 1505 1425 1505 1505 1426 1425 1425 1505 1505 1505 1425 1425 1426 1426 1426 1425 1426 1426 1427 1346 1346 1346 1346 1346 1346 1346 1346 1346 1426 1506 1506 1506 1505 1504 1425 1425 1345 1345 1426 1426 1345 1346 1346 1264 1264 1263 1263 1345 1345 1345
1664 1664 1663 1663 1662 1661 1584 1584 1585 1585 1663 1663 1586 1508 1507 1586 1586 1585 1506 1506 1426 1425 1426 1426 1506 1506 1426 1425 1425 1424 1424 1504 1504 1505 1505 1425 1505 1505 1426 1425 1425 1505 1505 1505 1425 1425 1426 1426 1426 1425 1426 1426 1427 1346 1346 1346 1346 1346 1346 1346 1346 1346 1426 1506 1506 1506 1505 1504 1425 1425 1345 1345 1426 1426 1345 1346 1346 1264 1264 1263 1263 1345 1345 1345
1664 1664 1663 1585 1585 1585 1585 1585 1585 1585 1585 1585 1586 1507 1507 1507 1507 1585 1506 1506 1425 1425 1426 1427 1427 1507 1506 1425 1425 1425 1425 1425 1425 1425 1425 1425 1425 1425 1505 1505 1505 1505 1505 1505 1425 1425 1426 1426 1426 1345 1426 1426 1426 1345 1345 1426 1346 1346 1346 1346 1346 1426 1506 1505 1505 1505 1504 1504 1504 1424 1425 1345 1345 1346 1346 1346 1264 1264 1264 1263 1263 1345 1345 1346
1664 1663 1585 1585 1585 1585 1585 1586 1585 1585 1586 1586 1507 1507 1506 1505 1505 1506 1426 1425 1425 1425 1426 1427 1427 1427 1426 1425 1425 1425 1425 1425 1425 1426 1425 1425 1426 1426 1505 1505 1425 1425 1426 1426 1345 1426 1425 1425 1425 1426 1345 1426 1426 1426 1426 1426 1427 1427 1428 1427 1427 1506 1505 1583 1583 1584 1504 1504 1504 1504 1425 1345 1345 1346 1346 1346 1346 1346 1346 1345 1345 1345 1346 1346
1663 1663 1662 1663 1586 1585 1585 1586 1586 1585 1586 1586 1586 1507 1585 1505 1505 1426 1426 1425 1425 1426 1426 1426 1426 1426 1346 1426 1426 1426 1426 1426 1426 1426 1426 1425 1505 1506 1505 1505 1425 1426 1426 1345 1345 1345 1344 1425 1425 1425 1426 1426 1426 1426 1345 1426 1427 1427 1427 1427 1427 1506 1584 1583 1583 1584 1505 1504 1504 1504 1425 1345 1345 1346 1346 1345 1345 1346 1345 1345 1345 1346 1346 1346
1663 1662 1662 1663 1663 1663 1585 1586 1586 1586 1664 1586 1585 1506 1506 1426 1426 1426 1426 1425 1425 1426 1426 1426 1345 1426 1345 1345 1345 1426 1426 1426 1426 1426 1426 1426 1426 1426 1506 1505 1425 1426 1345 1345 1426 1425 1424 1425 1425 1425 1425 1426 1345 1344 1345 1426 1426 1426 1427 1427 1426 1505 1584 1584 1584 1505 1505 1504 1583 1504 1425 1426 1345 1345 1345 1345 1345 1345 1345 1345 1345 1345 1345 1346
1585 1585 1585 1663 1663 1663 1585 1586 1586 1665 1587 1586 1506 1506 1427 1345 1345 1345 1426 1425 1425 1425 1345 1426 1426 1426 1425 1425 1426 1426 1426 1426 1426 1426 1426 1425 1505 1505 1505 1505 1505 1425 1425 1425 1425 1425 1425 1425 1425 1425 1425 1426 1345 1344 1426 1426 1506 1507 1426 1426 1426 1506 1585 1585 1585 1505 1505 1504 1583 1504 1505 1426 1426 1426 1426 1345 1345 1346 1345 1345 1345 1345 1345 1346
