1. mHM/Maipo Basin 5710001/morph/soil_class_horizon_03.asc
ncols        384
nrows        768
xllcorner    -70.500000000000
yllcorner    -34.500000000000
cellsize     0.001953125000
NODATA_value -9999
[rows 608 to 645 of 768, columns 252 to 335 of 384]
1268 1268 1183 1183 1182 1182 1181 1346 1426 1425 1425 1505 1505 1425 1505 1505 1506 1427 1427 1507 1507 1506 1506 1506 1505 1506 1427 1428 1428 1507 1506 1585 1507 1428 1348 1349 1349 1429 1428 1428 1427 1428 1429 1428 1428 1347 1348 1347 1346 1347 1347 1429 1349 1268 1184 1185 1186 1269 1268 1350 1350 1350 1349 1430 1430 1430 1431 1430 1430 1430 1430 1509 1508 1508 1507 1506 1506 1506 1506 1506 1507 1428 1428 1429
1185 1268 1184 1183 1182 1182 1182 1264 1426 1425 1425 1505 1505 1505 1505 1505 1506 1506 1427 1427 1428 1427 1427 1427 1427 1427 1427 1427 1427 1507 1506 1506 1427 1347 1348 1349 1349 1429 1428 1427 1427 1428 1429 1429 1429 1429 1429 1349 1348 1347 1347 1428 1347 1266 1267 1184 1185 1185 1185 1268 1268 1268 1268 1349 1349 1431 1350 1350 1350 1430 1429 1508 1587 1508 1507 1507 1507 1507 1506 1506 1507 1428 1429 1429
1185 1268 1184 1183 1182 1182 1182 1264 1426 1425 1425 1505 1505 1505 1505 1505 1506 1506 1427 1427 1428 1427 1427 1427 1427 1427 1427 1427 1427 1507 1506 1506 1427 1347 1348 1349 1349 1429 1428 1427 1427 1428 1429 1429 1429 1429 1429 1349 1348 1347 1347 1428 1347 1266 1267 1184 1185 1185 1185 1268 1268 1268 1268 1349 1349 1431 1350 1350 1350 1430 1429 1508 1587 1508 1507 1507 1507 1507 1506 1506 1507 1428 1429 1429
1183 1183 1267 1184 1183 1182 1182 1265 1346 1426 1505 1505 1505 1505 1505 1505 1585 1506 1427 1428 1428 1347 1347 1428 1427 1427 1426 1427 1427 1427 1427 1427 1346 1347 1348 1267 1267 1349 1348 1347 1347 1348 1349 1348 1348 1348 1349 1349 1267 1267 1266 1347 1347 1266 1266 1267 1183 1184 1184 1268 1268 1268 1267 1349 1350 1350 1349 1350 1350 1430 1509 1508 1508 1508 1508 1507 1507 1507 1507 1507 1427 1348 1349 1349
1182 1182 1182 1267 1267 1182 1182 1265 1346 1426 1426 1426 1426 1505 1505 1506 1506 1585 1507 1507 1428 1428 1348 1347 1347 1347 1346 1346 1346 1346 1346 1346 1347 1347 1265 1266 1183 1268 1267 1349 1349 1348 1348 1347 1347 1348 1348 1349 1268 1268 1267 1266 1181 1265 1266 1266 1266 1183 1183 1267 1267 1266 1266 1348 1429 1509 1429 1429 1349 1349 1430 1429 1508 1508 1508 1507 1507 1507 1507 1427 1347 1348 1349 1349
1265 1182 1182 1182 1182 1182 1182 1265 1346 1426 1426 1426 1426 1506 1506 1585 1585 1506 1507 1507 1428 1428 1347 1265 1347 1347 1346 1346 1346 1265 1265 1265 1265 1265 1265 1182 1183 1268 1267 1348 1428 1428 1347 1347 1347 1348 1349 1349 1350 1268 1267 1182 1181 1181 1265 1265 1266 1266 1266 1266 1266 1266 1266 1348 1348 1430 1429 1430 1430 1349 1349 1429 1508 1508 1586 1507 1507 1507 1507 1427 1347 1348 1348 1348
1265 1265 1182 1182 1182 1182 1182 1265 1347 1427 1426 1426 1426 1506 1505 1506 1506 1507 1507 1507 1507 1427 1347 1265 1265 1347 1347 1265 1265 1265 1265 1265 1266 1182 1182 1182 1266 1348 1267 1348 1347 1347 1347 1348 1348 1348 1348 1348 1349 1268 1267 1266 1181 1181 1264 1264 1265 1265 1265 1266 1266 1348 1348 1348 1348 1349 1429 1430 1349 1349 1349 1349 1429 1508 1508 1508 1508 1507 1586 1507 1427 1428 1348 1428
1265 1265 1265 1182 1182 1182 1266 1266 1265 1346 1426 1426 1426 1425 1505 1506 1506 1585 1507 1507 1507 1427 1347 1266 1266 1347 1347 1346 1346 1346 1347 1265 1266 1182 1183 1267 1267 1268 1268 1266 1348 1348 1429 1348 1348 1347 1348 1348 1349 1268 1267 1266 1265 1264 1264 1264 1264 1347 1265 1348 1348 1348 1348 1429 1429 1349 1349 1430 1349 1349 1349 1349 1349 1429 1509 1508 1508 1508 1586 1507 1508 1507 1507 1507
1265 1265 1265 1182 1182 1182 1266 1266 1265 1347 1427 1426 1426 1425 1505 1506 1586 1586 1586 1507 1507 1427 1347 1266 1348 1347 1346 1346 1346 1265 1265 1265 1266 1182 1182 1182 1267 1268 1268 1349 1349 1430 1430 1429 1429 1348 1348 1349 1349 1268 1267 1266 1347 1265 1265 1265 1264 1265 1347 1348 1348 1348 1348 1348 1348 1349 1350 1349 1350 1349 1349 1349 1349 1429 1509 1509 1509 1508 1508 1508 1508 1508 1507 1507
1265 1265 1265 1182 1182 1182 1266 1266 1347 1347 1346 1426 1426 1426 1506 1585 1664 1665 1586 1507 1428 1347 1266 1348 1348 1347 1347 1265 1265 1265 1265 1265 1266 1182 1182 1266 1266 1267 1350 1350 1350 1431 1430 1429 1429 1348 1349 1350 1350 1350 1349 1348 1346 1427 1347 1265 1266 1266 1266 1266 1266 1348 1349 1348 1348 1348 1266 1349 1350 1350 1349 1349 1430 1430 1509 1509 1509 1508 1508 1508 1508 1507 1507 1507
1265 1265 1265 1182 1182 1182 1182 1265 1347 1347 1347 1427 1427 1427 1507 1585 1586 1587 1586 1508 1428 1347 1347 1265 1347 1346 1265 1265 1265 1265 1347 1347 1266 1182 1183 1266 1266 1267 1268 1350 1350 1430 1430 1429 1429 1349 1350 1350 1268 1350 1350 1348 1346 1345 1346 1265 1265 1265 1265 1265 1265 1266 1266 1266 1266 1266 1266 1349 1350 1268 1349 1349 1349 1430 1509 1508 1508 1508 1508 1508 1508 1508 1508 1587
1265 1265 1265 1265 1265 1181 1181 1265 1347 1427 1347 1427 1427 1427 1507 1586 1586 1586 1586 1508 1428 1428 1347 1347 1347 1347 1347 1347 1347 1347 1428 1347 1266 1182 1182 1267 1267 1267 1268 1268 1349 1430 1430 1430 1430 1430 1350 1350 1351 1269 1350 1429 1427 1426 1346 1264 1265 1347 1348 1348 1348 1266 1266 1265 1265 1265 1348 1348 1349 1350 1349 1430 1430 1429 1429 1508 1508 1508 1508 1508 1508 1587 1587 1587
1265 1265 1265 1265 1265 1181 1181 1182 1265 1347 1427 1427 1427 1507 1507 1507 1586 1586 1507 1428 1428 1427 1347 1347 1348 1347 1347 1347 1347 1347 1347 1348 1182 1182 1182 1267 1349 1267 1268 1268 1350 1430 1430 1430 1430 1430 1350 1350 1350 1349 1347 1427 1427 1427 1347 1266 1348 1348 1348 1349 1349 1267 1266 1265 1265 1265 1266 1348 1348 1430 1349 1429 1429 1509 1428 1508 1508 1508 1508 1507 1586 1586 1586 1664
1265 1265 1264 1265 1181 1265 1181 1181 1265 1347 1347 1427 1427 1508 1507 1507 1586 1586 1507 1428 1347 1346 1346 1347 1347 1347 1347 1347 1347 1348 1347 1348 1266 1266 1267 1268 1349 1349 1268 1268 1269 1350 1430 1430 1430 1349 1349 1348 1348 1348 1265 1265 1348 1349 1268 1267 1348 1348 1348 1348 1348 1266 1266 1265 1265 1348 1266 1266 1266 1267 1429 1428 1428 1428 1428 1508 1508 1508 1508 1586 1586 1586 1586 1664
1346 1265 1265 1265 1265 1181 1181 1182 1265 1347 1347 1347 1347 1428 1508 1507 1586 1586 1586 1508 1347 1347 1347 1347 1347 1347 1265 1266 1266 1266 1266 1266 1266 1266 1267 1350 1350 1350 1268 1269 1268 1350 1350 1349 1349 1349 1349 1348 1266 1265 1265 1348 1349 1350 1350 1349 1348 1348 1347 1347 1347 1347 1266 1266 1347 1347 1265 1265 1265 1347 1428 1428 1428 1428 1429 1509 1509 1508 1507 1586 1663 1664 1664 1663
1264 1265 1181 1181 1181 1181 1181 1182 1265 1347 1347 1347 1347 1429 1508 1507 1586 1585 1586 1507 1427 1427 1347 1265 1266 1266 1348 1266 1266 1266 1266 1266 1266 1266 1267 1350 1350 1269 1185 1185 1268 1350 1350 1350 1350 1267 1348 1348 1348 1349 1349 1349 1350 1350 1349 1348 1266 1348 1347 1347 1347 1347 1265 1265 1347 1347 1347 1265 1265 1347 1429 1429 1429 1429 1429 1509 1509 1586 1586 1585 1663 1663 1663 1663
1264 1264 1181 1181 1180 1265 1265 1182 1265 1347 1347 1347 1347 1428 1508 1507 1507 1507 1586 1507 1427 1427 1347 1266 1266 1266 1265 1265 1265 1265 1265 1347 1347 1266 1267 1268 1269 1269 1186 1103 1185 1268 1350 1350 1350 1350 1349 1429 1429 1429 1429 1349 1350 1350 1349 1267 1267 1349 1348 1348 1348 1348 1265 1265 1265 1347 1347 1265 1265 1348 1349 1268 1349 1429 1429 1508 1508 1508 1586 1586 1663 1663 1663 1664
1264 1264 1181 1181 1181 1265 1265 1182 1266 1265 1347 1428 1428 1427 1507 1507 1506 1506 1507 1428 1507 1427 1347 1348 1348 1347 1347 1347 1347 1347 1347 1347 1347 1266 1267 1268 1269 1187 1104 1104 1186 1269 1350 1350 1350 1431 1349 1430 1429 1429 1429 1349 1350 1350 1350 1268 1269 1268 1349 1349 1349 1348 1346 1346 1347 1347 1347 1265 1266 1267 1350 1350 1349 1429 1428 1428 1428 1508 1586 1586 1663 1663 1586 1587
1264 1264 1181 1181 1181 1265 1265 1182 1266 1265 1347 1428 1428 1427 1507 1507 1506 1506 1507 1428 1507 1427 1347 1348 1348 1347 1347 1347 1347 1347 1347 1347 1347 1266 1267 1268 1269 1187 1104 1104 1186 1269 1350 1350 1350 1431 1349 1430 1429 1429 1429 1349 1350 1350 1350 1268 1269 1268 1349 1349 1349 1348 1346 1346 1347 1347 1347 1265 1266 1267 1350 1350 1349 1429 1428 1428 1428 1508 1586 1586 1663 1663 1586 1587
1264 1264 1265 1181 1265 1265 1181 1182 1266 1266 1347 1427 1427 1427 1506 1585 1585 1585 1428 1429 1428 1427 1347 1347 1348 1348 1347 1347 1347 1265 1347 1347 1266 1267 1267 1268 1185 1187 1187 1187 1186 1186 1270 1351 1351 1431 1430 1429 1429 1429 1349 1350 1350 1350 1268 1269 1269 1268 1266 1266 1266 1347 1427 1426 1345 1347 1347 1347 1347 1347 1348 1349 1349 1348 1429 1428 1428 1508 1586 1585 1585 1585 1586 1586
1263 1265 1265 1265 1265 1265 1181 1182 1266 1266 1347 1427 1427 1426 1505 1584 1663 1585 1508 1429 1428 1427 1346 1347 1348 1348 1347 1265 1265 1347 1347 1266 1266 1267 1268 1350 1269 1187 1187 1187 1187 1186 1351 1350 1350 1269 1350 1430 1430 1430 1349 1350 1350 1350 1351 1351 1349 1266 1265 1347 1347 1427 1506 1425 1345 1345 1345 1426 1427 1428 1428 1348 1348 1348 1429 1508 1508 1507 1586 1585 1585 1585 1585 1663
1263 1264 1265 1265 1265 1265 1265 1265 1347 1347 1346 1426 1426 1506 1585 1663 1663 1586 1508 1347 1346 1346 1427 1347 1347 1347 1347 1347 1347 1347 1265 1266 1266 1266 1350 1350 1268 1186 1188 1188 1187 1269 1350 1349 1349 1268 1269 1350 1430 1431 1350 1350 1350 1350 1350 1350 1348 1265 1346 1426 1426 1426 1426 1425 1425 1426 1345 1346 1427 1427 1428 1428 1347 1428 1428 1507 1507 1507 1585 1663 1663 1663 1663 1663
1263 1264 1265 1265 1265 1265 1265 1347 1346 1346 1426 1505 1505 1505 1506 1586 1587 1586 1507 1347 1347 1347 1427 1346 1346 1346 1427 1427 1427 1347 1266 1266 1266 1266 1268 1349 1350 1270 1188 1188 1186 1268 1430 1429 1429 1350 1269 1350 1431 1431 1350 1350 1350 1350 1350 1348 1346 1346 1346 1426 1426 1426 1426 1425 1424 1424 1425 1426 1426 1427 1427 1428 1428 1428 1427 1507 1507 1585 1585 1663 1663 1663 1663 1585
1263 1264 1347 1265 1265 1182 1181 1264 1346 1426 1425 1505 1505 1505 1584 1585 1663 1586 1507 1427 1347 1347 1427 1346 1346 1427 1427 1427 1427 1347 1266 1266 1266 1267 1267 1267 1268 1269 1186 1187 1270 1350 1429 1429 1429 1430 1269 1350 1350 1431 1349 1349 1349 1430 1349 1348 1427 1427 1347 1427 1427 1427 1426 1425 1424 1424 1425 1426 1426 1426 1426 1427 1427 1427 1427 1427 1427 1506 1584 1584 1583 1583 1584 1585
1264 1264 1265 1265 1182 1182 1181 1264 1346 1427 1426 1505 1505 1505 1584 1585 1586 1586 1507 1427 1347 1347 1346 1346 1346 1427 1427 1347 1347 1265 1266 1182 1182 1267 1267 1267 1268 1269 1186 1187 1269 1349 1429 1428 1428 1430 1351 1351 1350 1349 1349 1349 1348 1508 1507 1507 1507 1427 1427 1427 1427 1427 1425 1424 1424 1425 1426 1426 1426 1426 1426 1426 1426 1426 1427 1427 1427 1426 1506 1505 1584 1584 1584 1505
1263 1263 1264 1181 1181 1182 1181 1264 1264 1346 1426 1505 1505 1506 1586 1587 1587 1587 1508 1428 1347 1266 1347 1346 1346 1427 1346 1265 1265 1265 1182 1182 1182 1266 1266 1267 1267 1268 1269 1269 1267 1348 1428 1428 1428 1348 1350 1350 1350 1349 1349 1348 1427 1507 1507 1428 1427 1427 1427 1426 1426 1426 1425 1424 1344 1425 1426 1426 1426 1426 1426 1426 1426 1426 1427 1427 1427 1427 1426 1505 1505 1505 1505 1505
1263 1263 1264 1265 1181 1181 1265 1264 1265 1347 1427 1507 1507 1507 1587 1588 1588 1587 1509 1429 1349 1348 1347 1346 1346 1346 1346 1347 1347 1265 1266 1266 1182 1182 1266 1267 1267 1349 1349 1348 1347 1347 1347 1347 1347 1429 1348 1349 1429 1508 1428 1428 1428 1508 1508 1428 1427 1427 1426 1345 1345 1344 1344 1425 1425 1425 1426 1426 1426 1426 1426 1426 1426 1426 1426 1426 1426 1426 1426 1506 1506 1426 1425 1425
1264 1264 1265 1265 1181 1181 1265 1265 1265 1265 1347 1427 1427 1507 1507 1586 1587 1587 1509 1430 1350 1349 1348 1348 1347 1346 1346 1347 1347 1265 1266 1182 1182 1182 1266 1348 1348 1348 1347 1428 1347 1347 1347 1347 1347 1428 1427 1427 1426 1426 1427 1427 1428 1428 1428 1428 1428 1427 1426 1426 1426 1426 1425 1425 1425 1425 1344 1344 1344 1426 1426 1425 1425 1425 1426 1426 1426 1426 1426 1426 1426 1427 1426 1426
1264 1264 1264 1265 1265 1264 1265 1265 1265 1265 1265 1346 1346 1426 1426 1507 1586 1586 1508 1348 1350 1268 1349 1266 1265 1264 1346 1347 1347 1266 1266 1265 1266 1266 1347 1347 1347 1347 1428 1428 1347 1347 1346 1347 1347 1347 1427 1426 1345 1426 1427 1347 1346 1428 1428 1428 1428 1428 1428 1427 1427 1427 1426 1344 1425 1425 1425 1345 1344 1344 1344 1345 1345 1345 1426 1426 1426 1426 1426 1507 1427 1427 1427 1426
1179 1263 1264 1264 1264 1346 1346 1346 1346 1346 1264 1346 1346 1426 1426 1507 1586 1586 1506 1427 1348 1266 1266 1346 1426 1427 1427 1346 1346 1265 1265 1265 1265 1265 1347 1347 1347 1347 1347 1346 1346 1346 1346 1346 1346 1346 1427 1426 1345 1346 1346 1346 1346 1346 1427 1428 1428 1428 1348 1348 1348 1348 1347 1346 1346 1427 1427 1347 1346 1346 1346 1345 1345 1346 1426 1426 1426 1427 1427 1427 1427 1427 1427 1426
1263 1180 1179 1180 1264 1346 1347 1346 1346 1346 1264 1346 1346 1426 1426 1426 1507 1507 1506 1507 1428 1348 1348 1347 1346 1346 1346 1346 1346 1347 1347 1347 1265 1265 1265 1347 1347 1347 1346 1346 1346 1345 1346 1346 1346 1346 1346 1346 1346 1346 1265 1264 1346 1346 1427 1427 1428 1348 1268 1269 1269 1268 1267 1267 1267 1267 1267 1266 1266 1348 1428 1427 1427 1427 1427 1427 1427 1347 1347 1346 1427 1427 1427 1426
1263 1263 1263 1179 1264 1346 1346 1345 1345 1345 1345 1344 1344 1425 1425 1425 1505 1505 1585 1507 1428 1429 1429 1347 1346 1346 1347 1346 1346 1347 1347 1266 1266 1265 1265 1265 1347 1347 1346 1346 1346 1347 1346 1346 1346 1346 1346 1346 1346 1265 1265 1264 1346 1427 1427 1428 1348 1267 1268 1185 1185 1269 1269 1185 1185 1184 1184 1267 1348 1348 1428 1427 1427 1428 1427 1427 1427 1347 1347 1346 1427 1427 1426 1426
1344 1344 1263 1263 1262 1344 1344 1344 1344 1344 1343 1342 1342 1423 1503 1504 1504 1505 1506 1427 1348 1348 1428 1347 1347 1347 1265 1265 1265 1265 1266 1266 1266 1181 1265 1265 1347 1346 1346 1346 1264 1346 1346 1346 1346 1428 1427 1428 1428 1347 1347 1347 1428 1428 1428 1428 1428 1348 1267 1268 1268 1185 1269 1269 1269 1268 1267 1267 1348 1428 1427 1428 1348 1347 1346 1426 1426 1346 1265 1347 1427 1427 1426 1426
1345 1345 1263 1262 1262 1344 1344 1344 1344 1343 1342 1423 1423 1503 1503 1504 1426 1346 1427 1346 1347 1348 1428 1346 1347 1265 1265 1181 1181 1265 1265 1266 1266 1266 1266 1266 1347 1427 1346 1346 1347 1347 1347 1427 1427 1427 1427 1346 1347 1347 1347 1428 1428 1428 1428 1428 1429 1428 1348 1349 1349 1350 1350 1349 1267 1266 1349 1349 1348 1428 1508 1428 1348 1347 1346 1427 1427 1346 1347 1347 1347 1347 1427 1427
1345 1345 1263 1262 1262 1344 1344 1344 1344 1343 1342 1423 1423 1503 1503 1504 1426 1346 1427 1346 1347 1348 1428 1346 1347 1265 1265 1181 1181 1265 1265 1266 1266 1266 1266 1266 1347 1427 1346 1346 1347 1347 1347 1427 1427 1427 1427 1346 1347 1347 1347 1428 1428 1428 1428 1428 1429 1428 1348 1349 1349 1350 1350 1349 1267 1266 1349 1349 1348 1428 1508 1428 1348 1347 1346 1427 1427 1346 1347 1347 1347 1347 1427 1427
1345 1345 1263 1262 1262 1344 1343 1342 1342 1423 1423 1423 1423 1425 1345 1346 1347 1347 1429 1429 1428 1428 1428 1346 1347 1347 1265 1265 1265 1265 1265 1266 1266 1266 1266 1348 1347 1427 1346 1346 1346 1346 1427 1427 1427 1427 1346 1346 1347 1428 1428 1428 1427 1428 1428 1347 1428 1428 1428 1428 1428 1429 1349 1429 1428 1428 1428 1428 1428 1509 1509 1428 1347 1347 1347 1347 1347 1348 1348 1349 1348 1428 1428 1429
1345 1345 1345 1344 1343 1342 1423 1423 1422 1502 1503 1425 1425 1426 1427 1428 1428 1428 1429 1430 1430 1429 1428 1428 1347 1347 1265 1265 1265 1265 1265 1265 1266 1266 1266 1347 1347 1347 1347 1427 1427 1427 1426 1427 1427 1427 1346 1346 1427 1427 1427 1427 1427 1428 1347 1347 1428 1428 1508 1428 1428 1428 1347 1428 1507 1427 1427 1507 1507 1507 1428 1347 1347 1347 1347 1348 1348 1267 1267 1349 1429 1429 1429 1430
1345 1345 1344 1343 1424 1503 1503 1582 1582 1582 1583 1426 1426 1345 1427 1428 1508 1509 1429 1509 1509 1430 1429 1429 1347 1347 1265 1265 1265 1265 1265 1265 1265 1265 1265 1265 1347 1347 1346 1427 1427 1426 1426 1427 1427 1346 1346 1427 1427 1427 1427 1427 1427 1428 1347 1428 1428 1428 1428 1347 1347 1347 1347 1427 1427 1427 1507 1507 1507 1427 1428 1347 1347 1347 1266 1266 1266 1267 1268 1349 1430 1430 1430 1430
